,Epithelial cells,Monocytes and Macrophages,T cells CD4,T cells CD8,NK cells,Fibroblasts,Endothelial cells,B cells,PVL,PCs,Dendritic cells
AAACAAGTATCTCCCA.1__50x102,0.23772480334165552,0.10822926482402752,0.15184831320368508,0.04494872396566115,0.06789383904380739,0.04007887651111504,0.08526115298409123,0.06890315918999416,0.06613909522101358,0.10574437989048335,0.023228391824465986
AAACACCAATAACTGC.1__59x19,7.69379572067132e-05,0.06764560058195233,0.03571420381514337,0.045544711742017976,0.09385200518903515,0.041510922356824846,0.06467512612925409,0.06648903607291685,0.016463643058133273,0.02750486428042079,0.5405229488170946
AAACAGAGCGACTCCT.1__14x94,0.009120179741394644,0.02885577332138484,0.0835158977122946,0.059720501361197886,0.05381637379425939,0.12809145553198767,0.0448619470820473,0.05654405838473965,0.05817171695852876,0.35619423985469745,0.12110785625746784
AAACAGCTTTCAGAAG.1__43x9,0.0006327216114776546,0.16586083147989475,0.008006622389976655,0.03744601551127662,0.05452367995062974,0.13464718112867471,0.09688807382656048,0.15341805849203458,0.001092547629651494,0.004287052822965142,0.3431972151568582
AAACAGGGTCTATATT.1__47x13,0.0005972903997410388,0.038314592658306224,0.000682755257870313,0.004757204233561319,0.1852362816456817,0.1169919290097083,0.018522117192960902,0.2915653495545168,0.061933621506204156,0.14613817812424093,0.13526068041720835
AAACCGGGTAGGTACC.1__42x28,3.568856121173809e-05,0.03884445789477067,0.0009392949272463658,0.18340129605534303,0.06106190401518077,0.10324992085217122,0.17922883845729148,0.04395886941722761,0.004575181645470458,0.22143831578821968,0.163266232385867
AAACCGTTCGTCCAGG.1__52x42,5.028468427922411e-05,0.08300040288014368,0.06904188299609113,0.06586491970264087,0.04976070771257142,0.15786906188647895,0.02412374845324689,0.037051239417984036,0.026821172031887976,0.048519433550892895,0.43789714668378293
AAACCTAAGCAGCCGG.1__65x83,0.0003080912668781373,0.12360705720396668,0.11481094676728723,0.015738266030400745,0.05321822462961421,0.17063017019255672,0.00579412999228262,0.18657382584124152,0.04448869029234374,0.06640522370304351,0.21842537408038487
AAACCTCATGAAGTTG.1__37x19,0.0003147170363845635,0.06019657666640778,0.03735160053470932,0.1810707975165185,0.12119574728842696,0.017823649217953676,0.1582071095210603,0.0865928712067989,0.11219104606748868,0.1263496850425422,0.09870619990170909
AAACGAGACGGTTGAT.1__35x79,0.00017214412268541602,0.05812639746431513,0.06866229713489146,0.019704165769571964,0.11973471316660886,0.17827704974767544,0.07249604883119543,0.09196948643793736,0.09690623444697553,0.1785254156678233,0.11542604721032011
AAACGGTTGCGAACTG.1__67x59,0.30371407920744825,0.036536564314516115,0.1489413045902883,0.062367562779933425,0.052511351272845216,0.049022984118483194,0.07653599798289791,0.10914876749649137,0.07049465043768709,0.07676006956301727,0.013966668236391902
AAACTCGGTTCGCAAT.1__66x70,0.26735654517156016,0.03979337364730302,0.1346842132421276,0.029291424342364345,0.10675912995302907,0.07616957917696515,0.07859262747059527,0.10749259327751927,0.0627731405280541,0.09620843625751413,0.0008789369329678824
AAACTGCTGGCTCCAA.1__45x67,0.2516813149346248,0.07742782832147241,0.09202075597097692,0.10904820939517759,0.0703320796987348,0.05151183944676955,0.0960796526225888,0.082805836433282,0.07596965345505542,0.08580331089105411,0.0073195188302635685
AAACTTGCAAACGTAT.1__45x19,0.00028502088560921815,0.25988490522323504,0.0981195970230382,0.04731155077708285,0.08825025701844187,0.3041327177050593,0.024152625905380976,0.0836578171230184,0.06836073605932713,0.006726328659779484,0.019118443620027577
AAAGACCCAAGTCGCG.1__10x48,0.013355682270347223,0.1592373328476975,0.07427262393664368,0.08909715045237235,0.08751462089161985,0.14645426848376356,0.08046392770047472,0.09908796480682244,0.07066919296956294,0.11549096370246682,0.06435627193822892
AAAGACTGGGCGCTTT.1__29x15,0.0006957570648388969,0.05312079619419876,0.018242519977914054,0.1993516484097612,0.16909611472364275,0.16768788706751325,0.022894987244793143,0.18355250610430662,0.0011057285302522566,0.016341942350488865,0.16791011233229022
AAAGGCTACGGACCAT.1__62x54,0.009408173046989727,0.0640861852144142,0.04934294455574521,0.2066352184577297,0.09443503925653618,0.07562882114344788,0.10544951717232016,0.21086307299959886,0.08977011446117085,0.04093016813711463,0.05345074555493261
AAAGGGATGTAGCAAG.1__24x62,0.0002254505557289222,0.11869888833743408,0.18989863776388757,0.003177825049222005,0.12699221916039366,0.15922195325857774,0.09659945004555712,0.0700710222624702,0.11232894112504134,0.042244485644509444,0.08054112679717793
AAAGGGCAGCTTGAAT.1__24x26,0.0009420092454439257,0.12495111234822369,0.1251488350742255,0.07391631826650069,0.09303077940167792,0.10639774087992457,0.13916931392573514,0.09143752174569945,0.07698628714075871,0.07743785502524306,0.09058222694656735
AAAGTAGCATTGCTCA.1__51x27,8.875678275351888e-05,0.2713058033835244,0.020153716382725992,0.03706461705736154,0.18214516356335006,0.09236590262752203,0.08361950068835677,0.11679924844937475,0.1513111104431932,0.0438859547543947,0.001260225867443008
AAAGTCACTGATGTAA.1__10x52,0.00024671132046607635,0.1206241366957265,0.06411942571261044,0.11450060436146287,0.12448692471762406,0.23078838679927394,0.055029864631373306,0.05970306959788736,0.023334326194761047,0.15145104145192223,0.05571550851689219
AAAGTCGACCCTCAGT.1__37x15,0.00017673731722231135,0.049775820749224306,0.15414942567732554,0.06750070399622761,0.2732918930477509,0.08310458681833674,0.048536476394310885,0.2451523509083858,0.018458932148145618,0.00012022451070923664,0.059732848432361076
AAAGTGTGATTTATCT.1__44x94,4.330749484593617e-05,0.2805524641349844,0.005828607279392654,0.03951838224077106,0.1640265783937367,0.15872693153301115,0.041133739190037946,0.06699640937267312,0.03055398383885367,0.07073689053233835,0.14188270598935498
AAAGTTGACTCCCGTA.1__42x96,0.00015935633000018976,0.30840698132848765,0.025622552471369346,0.1399713955082695,0.10042259117977911,0.10983889141925472,0.053543565947551504,0.21414000656413562,0.022266411337134938,0.025470500854176563,0.00015774705984088858
AAATAACCATACGGGA.1__14x88,0.22254251644413076,0.05187580718587259,0.16247416924459923,0.007039130367337321,0.16328574523793532,0.04506718508217986,0.08724293697766083,0.0441963067434668,0.05962739486263484,0.09638397426075404,0.06026483359342841
AAATACCTATAAGCAT.1__47x69,0.21326690589593317,0.05212831802521778,0.09516452030120283,0.09567567521607827,0.11435629581113013,0.0399159382133173,0.06568171867861618,0.09921026191034349,0.0716685171783922,0.1181491243764525,0.03478272439331618
AAATCCGATACACGCC.1__65x87,0.0007900556114925829,0.06915960561182374,0.06219576994973992,0.11320222812481547,0.007144550405456612,0.31206812510223725,0.06773537109015663,0.25757209527889674,0.022167052981913765,0.00214123950462805,0.08582390633883925
AAATCGTGTACCACAA.1__44x56,0.2730465832357106,0.04947501469998577,0.0996473123812967,0.013445203370854144,0.18970176832003793,0.0397645875016158,0.06362671912077913,0.05536748276354683,0.08470633662790386,0.1231243634556225,0.008094628522646688
AAATCTAGCCCTGCTA.1__53x101,0.13499354386453782,0.14725096610062371,0.10721119852538126,0.04681470269756854,0.12928543784668103,0.055793571064850896,0.10006891236477847,0.06581208831497967,0.12450803278275517,0.08695236880375572,0.0013091776340877004
AAATGCTCGTTACGTT.1__16x24,0.00014514486325987303,0.01311730959803491,0.08347615252690162,0.1264274923784065,0.023311497651404892,0.14677908517603086,0.07821518606134621,0.06349141592381062,0.026422359294019582,0.20779042843413054,0.2308239280926544
AAATGGCATGTCTTGT.1__13x69,0.18136463251049123,0.12750085951236728,0.08672506154843493,0.12591916501592917,0.1352073901766496,0.04090667660658042,0.07411114717024755,0.1112290308415959,0.03476622887867143,0.08057418534455657,0.0016956223944759317
AAATGGCCCGTGCCCT.1__49x17,0.0002218566422790374,0.0882835116521402,0.08250094504710138,0.022045659461063193,0.0093401370944784,0.06874320468902867,0.01314596859458189,0.24953230150987368,0.027001069875145632,0.002386202857594368,0.43679914257671354
AAATGGTCAATGTGCC.1__33x51,0.002301725113421922,0.002468562462787826,0.029327712761946848,0.18152208761521924,0.02879779982666764,0.04788879179644378,0.07231831530486184,0.441244797667879,0.06490534179360602,0.05030479105522346,0.07892007460194245
AAATTAACGGGTAGCT.1__34x58,0.1691321063853714,0.0568282287871733,0.11500303155854052,0.060486105230617156,0.06865955758383466,0.07028673085078335,0.08610976259896938,0.09282987650399153,0.12249914607856302,0.06912551178140425,0.08903994264075141
AAATTACACGACTCTG.1__14x86,0.0014810454439172075,0.09221633219795944,0.2848504214201009,0.04672121525167782,0.14464722360179927,0.08248580446184463,0.0791303397588544,0.10975702253685496,0.08663072396401049,0.056449900808305406,0.015629970554675486
AAATTACCTATCGATG.1__26x94,8.591427605241678e-05,0.08839486244052472,0.043370410931791434,0.04749782183631929,0.04678833016141984,0.08129305691073341,0.2348889425621388,0.07465367002268393,0.28886546229860993,0.0026891850563402885,0.09147234350338593
AAATTGATAGTCCTTT.1__55x31,0.014667181081601973,0.14412327665800548,0.09140173469835063,0.11963460986955365,0.06920064366993585,0.12398938508446158,0.13704085235706132,0.06888041942925759,0.11252175500277688,0.05544230557267799,0.06309783657631708
AAATTTGCGGGTGTGG.1__47x33,3.015755836355613e-05,0.0774943072357532,0.12463916048072193,0.22876906184609683,0.0038464416013726083,0.12711551614622416,0.031757049498033756,0.077540015976872,0.012071137155279516,0.13597756532094382,0.18075958718033863
AACAACTGGTAGTTGC.1__28x42,0.00026867714071897547,0.022354653459958074,0.0416176624833722,0.03359507342162789,0.11261072384680977,0.25147709748153124,0.06085566974276814,0.24516564396897247,0.038413199157989894,0.19265099671053648,0.0009906025857148871
AACAATACATTGTCGA.1__61x37,0.0003057190756613178,0.24344164727243672,0.18064089533330105,0.015643702410220044,0.1387197895432787,0.09092452782789077,0.08150486944922676,0.07041108773658993,0.08423150066281672,0.0888138435319313,0.005362417156646681
AACAATTACTCTACGC.1__29x25,1.3687390144637533e-05,0.02082705364174237,0.04701573264381581,0.23848622736499836,0.003685632158107301,0.0809921343689383,0.05982771967614,0.13857242873727496,0.3689625853695517,0.0379965905166815,0.0036202081326050734
AACACACGCTCGCCGC.1__51x93,0.0006248939039308516,0.2989175393163012,0.05822255699231042,0.05932230483355,0.08733434946066482,0.11805252387130978,0.05058179030210231,0.048675492859504975,0.0658584027803739,0.15500698250514497,0.05740316317480677
AACACGACTGTACTGA.1__9x65,0.0005430712487429806,0.09618372977678158,0.05003025874050812,0.18399122165582774,0.024693640816954795,0.17277899602272084,0.12186762870913778,0.07870802931389391,0.04055809242493963,0.005719359128134935,0.22492597216235768
AACACGAGACGCGGCC.1__45x21,0.0001965951232465217,0.06378408283438265,0.08053731771308656,0.051428756297604475,0.1096590568845727,0.25606294873237445,0.039635985762659566,0.15731591865328834,0.08139896570623603,0.019267332889591298,0.14071303940295743
AACAGCTGTGTGGCAA.1__59x31,0.00018932133665579233,0.31728883590379675,0.060372477606190446,0.15854446805517497,0.08619907557897605,0.09293758616352835,0.10587763640687757,0.06886041582620797,0.10816866779339987,0.00037175325878395716,0.0011897620704082706
AACAGGAAATCGAATA.1__15x67,0.2886855026356172,0.05823500570789645,0.1621035005229679,0.04089686881757063,0.14248217207360905,0.04003173632474297,0.07035183242006852,0.04033410168313171,0.04154488645983734,0.08831390293183171,0.02702049042272651
AACAGGATGGGCCGCG.1__29x31,1.208283317452459e-05,0.005163235762583981,0.09141791270626676,0.16696472980904686,0.09358432737224678,0.06556983557235878,0.04690235602938021,0.2676383941819265,0.02666144163770534,7.247935818951186e-05,0.23601320473712076
AACAGGTAGTATGGAT.1__49x113,0.000863816366446805,0.06244869560957112,0.05636057255852381,0.07630301960874432,0.2027002677620845,0.13239097500382355,0.08029667715364898,0.08180420214215803,0.08617705500363232,0.03935523272251439,0.18129948606885218
AACATATCAACTGGTG.1__27x99,3.907096972138271e-05,0.25317301689520305,0.05258526070504374,0.07166404829068036,0.11746705122007046,0.16066289491205915,0.07337744263057586,0.1274126660707603,0.07893304574799803,0.06390257921914927,0.0007829233387383522
AACATTGTGACTCGAG.1__64x52,0.0006904804234183695,0.08031504394647258,0.1535525697272636,0.05648723847739891,0.13695959061816843,0.029228770161330787,0.023780248764076795,0.14006002585374872,0.2524126731979045,0.06710332928253772,0.05941002954767958
AACCAAGACTTCTCTG.1__36x24,0.00019339434463395915,0.0275799332537248,0.08156341314615578,0.09256972981697957,0.06659503865918034,0.41905575235394527,0.06727190677185635,0.11479384691166043,0.10246651475128882,0.005604226998066633,0.022306242992508073
AACCATGGGATCGCTA.1__14x30,0.15651166123018354,0.08247272733383325,0.13663590982964388,0.06226893994707482,0.10798727113611492,0.057840406424193205,0.10936869904627693,0.1087981850845302,0.0713905954059491,0.08480833380188581,0.02191727076031435
AACCCAGAGACGGAGA.1__15x39,0.00019524333690747495,0.05185313441923614,0.10780016018551847,0.10579010097209128,0.06361228229177615,0.1661139096743794,0.16906705323402751,0.12466394878493758,0.15693287014854082,0.03519125498703136,0.018780041965553818
AACCCGACAACCCGTG.1__67x43,9.02381482666112e-05,0.18584130166912283,0.025471052704414507,0.1726177900314163,0.0882896196148309,0.0973381990932273,0.022749919990438662,0.09114778820224682,0.0861236631613383,0.06213113549212808,0.16819929189256966
AACCCTACTGTCAATA.1__40x96,0.00016462150424774514,0.06983118106139669,0.05619426717981207,0.05146394248252309,0.0889517212137147,0.13429163199234978,0.14685213047148277,0.08530202278545868,0.11275423970047928,0.03299546624930121,0.22119877535923402
AACCCTGGTGGAACCA.1__8x70,0.000964844478206448,0.11118034571069706,0.0006593639840640116,0.14986510401697997,0.09813787035364423,0.16559055232892284,0.15649076443578538,0.17725712861498677,0.048685915257239,0.05901530115412662,0.03215280966534768
AACCGAGCTTGGTCAT.1__24x70,5.0823165499453644e-05,0.15614481990195167,0.03103531170853338,0.0867886996669785,0.04270887792700375,0.1030099665207779,0.09623274675351708,0.26614364277277786,0.03584579918465694,0.09157952007274892,0.09045979232555457
AACCGCTAAGGGATGC.1__46x92,0.00020352390343350536,0.4305375195216877,0.030434237349536316,0.08261771760650055,0.04179449031495695,0.17680875177682592,0.05504643907471497,0.12869129194714232,0.025254306906651522,0.027636475894188158,0.0009752457043620722
AACCGTTGTGTTTGCT.1__12x64,3.933313392459457e-05,0.10589983546682291,0.018428302716723532,0.2334564510304777,0.026824243673034633,0.049606289009237164,0.1292896133896135,0.07414610478479759,0.07864878518971327,0.010264331164113143,0.27339671044154196
AACCTCGCTTTAGCCC.1__62x82,5.438429872461598e-05,0.07924255664525491,0.022099016692213643,0.11700397611352358,0.015631515822704223,0.17234080037703595,0.042809555864465776,0.05762244461383735,0.11108243817098652,0.263919028346886,0.11819428305436742
AACCTTTAAATACGGT.1__54x68,0.0001074438347055766,0.06842692549954431,0.011570859169434265,0.24621797384800734,0.03514036561054969,0.17266452928931592,0.17090636867656409,0.02670964000842788,0.11285530130978981,0.15197453432712893,0.0034260584265322345
AACCTTTACGACGTCT.1__16x92,0.2764788751919862,0.044839315747626465,0.08122136890701927,0.07812214161630815,0.10527768291597607,0.044170217559325806,0.06336740512629713,0.06334123956376174,0.0835291167214929,0.09677739745560573,0.06287523919460056
AACGATAATGCCGTAG.1__53x73,0.1463358465596162,0.05839013783569834,0.10650940709230415,0.006695301027898027,0.12355890847348419,0.10059064892742835,0.08202754197004648,0.03845453689184449,0.10513513425242049,0.16308679627313694,0.06921574069612234
AACGATAGAAGGGCCG.1__15x53,0.0024705590680532386,0.0700204804507447,0.03310116054936943,0.12602010978373182,0.16729482612979937,0.0863189310872631,0.09300264101713114,0.026286249417535,0.11788053515391317,0.03619945757685858,0.24140504976560045
AACGATATGTCAACTG.1__24x76,0.11301432300313485,0.06320891737036465,0.09171308710165667,0.10529113236144098,0.036087304178233554,0.07392408025922373,0.0865653804971603,0.0884377783972659,0.14746116766584277,0.05587584266311644,0.13842098650256018
AACGCATGATCTGGGT.1__20x104,8.103215807511243e-05,0.02563456941441593,0.147592892147729,0.13374054428118823,0.0039419420660938755,0.22300534955297482,0.12095133279797614,0.14431204477752316,0.09176629709448587,0.002393362490988747,0.1065806332185491
AACGCGACCTTGGGCG.1__67x53,0.07072789817495938,0.08679946628997556,0.0694682823463191,0.058288696813643896,0.10618108431358143,0.05512141861041112,0.1374326076792746,0.10705244733766447,0.18674672682081458,0.09742302151510056,0.02475835009825529
AACGCGGTCTCCAGCC.1__23x65,3.9894527551620764e-05,0.1469498180854812,0.31122505812793827,0.016908206357641568,0.1471378774986987,0.14369084712757074,0.05945604673146852,0.07028307672004132,0.05266229489620657,0.02678567218291967,0.024861207744481893
AACGCTGTTGCTGAAA.1__54x94,4.137434673963397e-05,0.21518757835664815,0.06563888547253653,0.04023671840279141,0.1420248234783952,0.2995991643330325,0.03139804954164728,0.018305027244495318,0.002364388729991662,0.17687795491241642,0.008326035181305922
AACGGACGTACGTATA.1__50x92,0.0003249549270193406,0.23087426100263736,0.13499707795519056,0.01252544457164182,0.041684282868452084,0.19569885245211924,0.053005849257776676,0.09219120714863675,0.02395193350395287,0.20744640263850925,0.007299733674064056
AACGGCCATCTCCGGT.1__47x39,0.042797913131196574,0.06659475072584735,0.11454654932781715,0.08042823189506709,0.0688732955236103,0.09031286254426892,0.15118627125709483,0.09592314719937234,0.2035838057397735,0.07207170345610937,0.013681469199842587
AACGTACTGTGGGTAC.1__48x42,0.0004412913790227057,0.14952783808269493,0.08675788430217228,0.16921743810840603,0.08808865099872827,0.10558259101784682,0.03849932034924657,0.08244973498204047,0.020442825352623,0.13842176870825793,0.12057065671896094
AACGTCAGACTAGTGG.1__24x40,0.023558084735596355,0.044893953685388406,0.06782426966596838,0.14701702599095437,0.08646861161188486,0.09622066263274165,0.09906607193152897,0.12199743026144265,0.10846550522400668,0.04981583088751561,0.1546725533729721
AACGTGATGAAGGACA.1__9x83,0.00011229466416849095,0.0407607103484657,0.01779619413119097,0.12336447754154434,0.15551697413240623,0.16830967279135417,0.183700748131718,0.15638578089033797,0.1130535869765564,0.03972349969481923,0.0012760606974384992
AACGTGCGAAAGTCTC.1__36x74,0.08630520103024793,0.09609236905949997,0.10427543167326064,0.06579139150945197,0.08327574874239989,0.09569518097740289,0.09199579089007709,0.06314226015783518,0.16266820238266763,0.07096085960872192,0.07979756396843488
AACTACCCGTTTGTCA.1__47x113,0.3439615422404076,0.033118603189531685,0.09941832010492785,0.08961884521256723,0.07079388379744757,0.022529567761388366,0.06686338531468913,0.07716647297199783,0.08953987323433321,0.10613574070156576,0.0008537654711437968
AACTAGGCTTGGGTGT.1__55x61,1.1012621744072212e-05,0.06923706159339055,0.02743816125231418,0.09158569482620779,0.013740994532785945,0.19332996158444726,0.10992941137644013,0.012622501162854897,0.099405230762693,0.0010912433806281763,0.381608726906494
AACTCAAGTTAATTGC.1__38x44,0.12979165340775856,0.0342036367917332,0.09681554586060839,0.07420907852992553,0.11538072425879853,0.022725539820783198,0.13349165197261237,0.04973681611755562,0.08866255654630245,0.06576640108496526,0.1892163956089569
AACTCCAGAGCGTGTT.1__60x92,0.0021605701393788285,0.05330074845111618,0.018187716710185774,0.025312914718080972,0.09946668639343062,0.5539748008914718,0.06573017063566679,0.08563973470038933,0.05757261084231886,0.024178677007509627,0.014475369510451202
AACTCTCAATAGAGCG.1__35x93,0.18416886299968852,0.09930942084812554,0.05910286274228885,0.14241014433750945,0.11199057459385708,0.04553732091643921,0.06213079242063871,0.06305868219511267,0.06789158089694815,0.062191912398789885,0.10220784565060194
AACTCTCAGTGTGCTC.1__53x41,2.5326430647514683e-05,0.1653467725872228,0.019289831443208352,0.14726939065601466,0.08163799126216753,0.17969515316752827,0.10001567401647132,0.058717999739029324,0.07301121813121171,0.00024394301128784706,0.17474669955521066
AACTGATATTAGGCCT.1__16x66,0.03033760100642408,0.10515913288886337,0.12343103695240984,0.10821055230886828,0.16499861169769336,0.001882974052526985,0.09852733338957574,0.04629794017111036,0.14189637108088993,0.05071619459296103,0.12854225185867701
AACTGGGTCCCGACGT.1__20x66,0.24709182113121714,0.03725999144213538,0.1232794268837611,0.028998693195988773,0.13261635219856882,0.043465001827348075,0.1082880035218337,0.02939950267118547,0.11185468875831163,0.0865687765089034,0.051177741860746515
AACTTGCCCGTATGCA.1__29x27,0.00012409593036678192,0.01196185959126439,0.06296840912317367,0.08546528066862008,0.07980837802258449,0.10860095552872354,0.042336174845955886,0.24693012380136334,0.1000426485932093,0.03697643660434824,0.2247856372903903
AAGACCCAACTGAACA.1__60x54,0.0051038261388571095,0.04744762631627212,0.044789833643640566,0.023592083045586007,0.26102111056596966,0.0905471212475806,0.05371411020933706,0.2798257066587662,0.11013587875087641,0.0279685103953769,0.05585419302773738
AAGACTGCAAGCTACT.1__36x68,9.616672868467831e-05,0.3756892083544626,0.011805206187932306,0.14998870063143208,0.11285386762052756,0.055411283941124455,0.06962369568865655,0.1281787760462367,0.06153051328764677,0.034690699955301524,0.0001318815579947494
AAGAGATGAATCGGTA.1__27x27,2.4344976360349086e-05,0.17494944903513537,0.05541567836239307,0.04393379412997463,0.059840129055614165,0.07738295105403305,0.10414189818420747,0.2325675029785805,0.08148027266908704,0.09415594013993535,0.076108039414679
AAGAGCTCTTTATCGG.1__35x77,0.00014181929493324957,0.07233055974996251,0.05322566813527819,0.028469085939229363,0.12248930904918157,0.1034161672984938,0.042027729325305255,0.10982048413179303,0.08283101692281555,0.3773505658995021,0.007897594253505353
AAGAGGATGTACGCGA.1__39x29,0.21801678558173138,0.04266904580066116,0.17034672588954683,0.040788827230946186,0.08393086621443399,0.03633390566231617,0.035755155452712205,0.06177028864822112,0.07663271549762046,0.05446064240396953,0.179295041617841
AAGAGGCATGGATCGC.1__36x80,4.176103867662961e-05,0.03277978572236996,0.08345317358237865,0.06195593599487482,0.05803800634425071,0.0720289079878286,0.11368849489137936,0.0758316680966293,0.055984231618092455,0.22216968748682553,0.224028347236694
AAGATTGGCGGAACGT.1__26x90,0.00012978224940563582,0.06832799968772842,0.03443327190465439,0.05973802674182275,0.11480750912686714,0.14519034782912893,0.058406576779818864,0.05421977469231098,0.11944995533528689,0.34425147542990436,0.0010452802230716597
AAGCACCCTGCGTATC.1__59x73,0.12091948339241342,0.08590401145298955,0.11185544537342003,0.08400392137495669,0.11419668258434598,0.08824614923932278,0.07972495866224064,0.06392368366532768,0.10180457084405561,0.1095548904431682,0.03986620296775943
AAGCATACTCTCCTGA.1__53x69,4.2550755382958886e-05,0.06937986952764576,0.008817023351467803,0.14536594754489965,0.01879815056291944,0.11912013737213625,0.12067439820238415,0.07369004715594774,0.13147336419122924,0.21286179582996087,0.09977671550602614
AAGCCGAAGCGGTTTA.1__49x107,0.00019874196081914552,0.11450994678356027,0.00533490677999895,0.10187128963113229,0.24405971313733557,0.22738039616967914,0.09498096319107753,0.12234772178357038,0.06561805531517521,0.02136836205298396,0.0023299031946675598
AAGCGCAGGGCTTTGA.1__67x73,5.204666670328478e-05,0.08403773523345588,0.009697226565381904,0.07170828306539609,0.11717531596907901,0.3042532149456677,0.04216180994881221,0.11404292506466635,0.12994702968062252,0.06271575281879715,0.06420866004141791
AAGCGTCCCTCATCGA.1__57x35,0.00016836511096373917,0.1483964353169514,0.008309562451137861,0.07284423732746145,0.0920862100459679,0.23731225568929012,0.09186976423079482,0.07555555584601566,0.23844059834842746,0.03389867846325566,0.0011183371697339242
AAGCTAGATCGAGTAA.1__50x68,2.7482762754210042e-05,0.10770567257577339,0.00204274175785046,0.16079923811942612,0.09414490306981257,0.2530115691184036,0.04104907767200484,0.0878296227531559,0.03668437063084559,0.06850188945204636,0.14820343208792697
AAGCTCGTGCCAAGTC.1__35x73,0.0498496523921159,0.1083752926003341,0.14298962873983892,0.010176078525473663,0.07649346514932896,0.11253121302336136,0.08167907764970685,0.10807640320003349,0.14580315442749933,0.06958860000963411,0.09443743428267332
AAGCTCTTTCATGGTG.1__57x81,0.0014157988792046488,0.15205354497706722,0.18278435883491512,0.01361658818171704,0.0914624232799493,0.1651085017995582,0.10312421567234346,0.04677783417245637,0.05767417781794749,0.16107363924480758,0.024908917140033605
AAGGAGCGGTTGGTGC.1__28x48,0.019872369179454303,0.03916520797997701,0.038215381971377804,0.07623040950202639,0.09580555156609333,0.24703273567658615,0.07850949014913346,0.11657105206078622,0.06581159954654774,0.08785648416657459,0.134929718201443
AAGGATCGATCGCTTG.1__39x109,0.22730633967184433,0.06861409514147945,0.09280183088873116,0.08096011974870801,0.08983523500809712,0.0838114639169739,0.06522230118818607,0.10490612311098589,0.0974981565960871,0.07768559259703275,0.011358742131874192
AAGGATGAGGGACCTC.1__27x87,5.517833207574126e-05,0.04546195338949986,0.023713059288318877,0.06884392441303547,0.06128605920347416,0.20583899023152044,0.07450365833064533,0.0988572809919707,0.16653100890115244,0.0884372425862107,0.16647164433209627
AAGGCGCGTAAAGCTT.1__24x38,0.00023307817697531912,0.008118304563103649,0.0987720804122833,0.015920817471933708,0.09231499253109854,0.08198319656882165,0.3341890953318699,0.06377393320583384,0.1756690324292853,0.013975837525404206,0.11504963178339056
AAGGCTGTGCTCATCG.1__30x46,0.11624240573193316,0.07601011026638002,0.13426573151574686,0.036694258392532694,0.06872871375585422,0.07063918968087626,0.07954583098361147,0.17262114739253923,0.0828869998401376,0.16212900276791417,0.00023660967247431854
AAGGGACAGATTCTGT.1__26x92,0.0002146034833053673,0.06995207191411221,0.12138383546504679,0.02174797652102121,0.08852087696375599,0.19117048086013597,0.1134947594362908,0.06092238262958449,0.08255682168527541,0.1777964584019682,0.0722397326395036
AAGGGACTATGCATTC.1__60x26,3.7946688719275924e-05,0.22575511071589674,0.07804346127440276,0.1368893722621391,0.04026213933301131,0.06035016347538414,0.014278840386647146,0.11010566742542757,0.025997166301763824,0.15759153907569762,0.1506885930609105
AAGGTATCCTAATATA.1__25x81,0.31043067779919664,0.05322972597787746,0.1374047466111588,0.07417140282652462,0.07859742169987757,0.04047490518545879,0.0677086391832895,0.061245155924594466,0.06453157119519365,0.10239877842465753,0.009806975172170933
AAGGTGATAAACCAGC.1__44x92,2.255814610692827e-05,0.4335584602311052,0.008686146760721861,0.21024327537610332,0.10921375952266944,0.13794139588020227,0.01750482422975006,0.05248703780250859,0.01790708694266736,0.012124162031295179,0.00031129307686977105
AAGTAGAAGACCGGGT.1__19x47,2.54020987712089e-05,0.0516568563341954,0.19102621705571898,0.0027560960754342227,0.005978352186665727,0.13176832019716472,0.07763427870025306,0.08299528808904989,0.04338039697304994,0.1109108097419302,0.30186798254776664
AAGTAGTGACGCGAGG.1__33x31,0.03927795758391633,0.04599054667388987,0.07789759447602286,0.08004771802329809,0.2592938827886765,0.07611912353148455,0.12399057227715651,0.05661053153653697,0.17320990737693764,0.017401810685096084,0.05016035504698456
AAGTCAATTGTCGTCA.1__45x101,0.0009169916475039567,0.23821556873211683,0.0384433936028326,0.04201174595565502,0.09042365972593744,0.13895551753854876,0.03901719475108755,0.12489915924494506,0.05566871504521196,0.23102296552693807,0.00042508822922273195
AAGTGACGACCGAATT.1__41x25,0.0003395278779432033,0.11048542918859465,0.07968770082162392,0.08440541101210466,0.04141129423384921,0.2627545614404635,0.14459404879911555,0.20891993581666185,0.05967848557239278,0.0029304640736990853,0.0047931411635516
AAGTGAGTCGGGTTTA.1__62x48,0.0009177490484496497,0.0653289914273397,0.21317388014557986,0.07629662137806116,0.09139657596044864,0.0533844754906372,0.040123318569549246,0.08322619019644391,0.14543627997545422,0.20959704487397693,0.021118872934059476
AAGTGCCTTGACTGTA.1__44x104,0.02853001369282055,0.07250518939413221,0.09959301075859368,0.12029547620750754,0.0737964262568876,0.16174786045771866,0.0956702114577643,0.09582064226856628,0.05686512928967812,0.07808776764874008,0.11708827256759094
AAGTGCGTTAGAATCT.1__49x27,0.00014486541622980352,0.1380014445339108,0.1200334314757564,0.0038642632568095404,0.056739962735283984,0.2138187497117257,0.03258806345958948,0.15332039428801988,0.037147701963773976,0.0044929130515310505,0.23984821010736937
AAGTGTTTGGAGACGG.1__52x80,0.0016199627456269343,0.10983535963463777,0.13818348926083174,0.005694694952998236,0.18694770096019175,0.1048707908567858,0.04903381478011797,0.04634829440138019,0.12828881853218116,0.20592533561765503,0.023251738257593413
AAGTTCACTCCAAGCT.1__57x85,0.1474889374228931,0.09216771341549897,0.13770779527020588,0.0237219682769428,0.10768361336268473,0.11741908504808579,0.06356778468976894,0.06467558757339967,0.059808854307795555,0.125142076446554,0.060616584186170545
AAGTTCAGTCTGCGTA.1__18x104,9.902278950416045e-05,0.06787583840731543,0.0163111863438687,0.07395382307743782,0.03835896106135442,0.17172745434320147,0.28345205228879616,0.10259137640303438,0.2162705528031724,0.027626009760947423,0.00173372272136767
AAGTTCGGCCAACAGG.1__46x34,5.4185713427638896e-05,0.03666453301651262,0.0030061729606004565,0.22554012459486938,0.05796916975436238,0.05424169871550245,0.17648287053291378,0.07002890612716063,0.1764277412471755,0.06400390159340284,0.13558069574407236
AAGTTTATGGGCCCAA.1__68x70,0.00024400912277933195,0.011945016851719508,0.018250660928767422,0.15762653571480512,0.041285462878686605,0.2813897660519143,0.02478124620343681,0.08064194879412413,0.05533185350566235,0.018874211349341193,0.30962928859876326
AATAACAACGCTCGGC.1__36x30,0.2625008972796654,0.02740137537815095,0.17383807809222468,0.030278795092623396,0.11077494034570314,0.04372503390248367,0.06948902533018815,0.07352317879010142,0.08105931541403928,0.09968094561283733,0.027728414761982626
AATAACACTAGAACAA.1__52x38,1.690048325211596e-05,0.04830143727533469,0.09161429046329314,0.1610094235634885,0.038259220649079,0.1517698346122174,0.12183144896149266,0.0692656564677437,0.05853286791891973,0.08281314556872177,0.17658577403645728
AATACCGGAGGGCTGT.1__67x37,0.0005120896780811245,0.005415245245629097,0.17674129712334502,0.022960357699945064,0.18825974969566298,0.07903776021477178,0.03160054481426926,0.23041877159044646,0.0013479067327448614,0.2597526453931221,0.003953631811982273
AATAGAACAGAGTGGC.1__52x46,8.835765616553356e-05,0.17868961741808775,0.06794358289246578,0.11981102736697181,0.08481023078063493,0.25540820938873,0.03092815136590341,0.10460641521187178,0.08907087818975414,0.06803799105999604,0.0006055386694188125
AATAGAATCTGTTTCA.1__48x86,3.734231082531965e-05,0.28703652166595167,0.026225218608292314,0.07615752675232658,0.09360190663284104,0.07788792116273084,0.02562268619325317,0.025344278849702355,0.09722772500621775,0.1091153972622598,0.18174347555559914
AATATCAAGGTCGGAT.1__8x42,0.0023390236832976936,0.07222677874547491,0.07000313493912418,0.24523154478581663,0.0005213206342159348,0.1297587832047157,0.038070718826001305,0.06216674733806131,0.27091794165795224,0.00475765069535951,0.1040063554899806
AATATCGAATCAATGC.1__49x109,5.131712863909935e-05,0.0865940203733983,0.1896834527877419,0.014780816798171883,0.06936952858837367,0.3070281418070679,0.11049804069832059,0.008447011070437481,0.09033040315664755,0.007473582894132862,0.11574368469706876
AATATCGAGGGTTCTC.1__27x101,0.0017493821639627217,0.21885166923647062,0.08854481825753129,0.018817798467113952,0.12509158352656916,0.20476299779034393,0.06469134904520346,0.07661212207689042,0.10940650381648843,0.015022136768029576,0.07644963885139645
AATATTGGAGTATTGA.1__36x22,4.3442067714074014e-05,0.0011850739428498958,0.023898035315029677,0.22283667222468287,0.06749976767514185,0.08376647517388772,0.17925942911925102,0.09825833821989988,0.02450939850515619,0.00118770224229791,0.2975556655140889
AATCATGTAAAGACTC.1__54x98,7.067047771995734e-05,0.34010233265020895,0.0027509898030241638,0.048555861982453374,0.054838369973975044,0.1057103992168122,0.2240909398125884,0.03025605615252827,0.18494081349638095,0.008235750834338253,0.000447815599970477
AATCCAAGGGCCTGAG.1__13x47,0.0004092113667760839,0.04306313418011171,0.004539428945552542,0.17656320030567194,0.18788550588036965,0.1370120225687324,0.09823180133234949,0.11396530525431599,0.0666413556097908,0.07585323133831207,0.09583580321801734
AATCGCCTCAGCGCCA.1__39x79,0.00011799141613136331,0.07711257393409789,0.05620038247566888,0.13117933925518882,0.11955583132908605,0.1638223857739185,0.05677577402517942,0.047849908804903446,0.08272124726006856,0.03098363230583541,0.23368093341992166
AATCGCGCAGAGGACT.1__42x114,0.27397217623929787,0.04610947418165372,0.16709788899712769,0.06064449449228902,0.11688897688830051,0.030942109801876942,0.06321420457812152,0.06368666609730565,0.0711759477828752,0.0891098694043469,0.01715819153680499
AATCGGGACACTACGA.1__8x60,0.0005434679274089611,0.16013411954489923,0.1199328138758237,0.0936552271098226,0.07599448274834071,0.1298403340623421,0.11123261832341015,0.07333432678345493,0.1468397863508163,0.0861450512966913,0.0023477719769900173
AATCGTGAGCCGAGCA.1__67x83,0.009132314935554662,0.008094918736262557,0.05035919866428123,0.10339028646973183,0.004667552671124457,0.1478967003340205,0.04142792144579605,0.4568549974197157,0.004861896652702146,0.09160165314262486,0.08171255952818599
AATCTAGGTTTACTTG.1__52x16,0.0003386990419677539,0.048583254886071424,0.015955209021478223,0.3010081191872208,0.010343994780708419,0.02699957041965105,0.11038339830600935,0.26797775497693616,0.20178848377671668,0.008285450198682749,0.008336065404557409
AATCTATGCCGGAGCC.1__26x110,5.7766377569050185e-05,0.0470619087351899,0.011500667807740648,0.06282316582113583,0.08980731238636941,0.14970592624623497,0.04442585100779021,0.07903418985285197,0.08056290357857095,0.33795559927896107,0.09706470890758596
AATCTCTACTGTGGTT.1__38x10,3.444193892663833e-05,0.18432105095989898,0.07255849388622282,0.04573451596340505,0.05332595157674756,0.17828123012209937,0.10212935580398379,0.09197302484477524,0.055756638130498526,0.0009121283707864236,0.2149731684026556
AATCTGCGTTGGGACG.1__32x92,0.004492441635904602,0.4314252109853352,0.09232776216258412,0.16538895149808067,0.04846036806510427,0.025260342791785587,0.04523497784164365,0.09213492681472471,0.050723067564358675,0.039002538366360744,0.0055494122741177555
AATCTGGCTTTCTAGT.1__51x15,0.00019035200421605757,0.06170318020425105,0.11746965443939152,0.0363854821203519,0.2195336211249339,0.18719437135320102,0.01769520287717518,0.1844944556324781,0.07903669925188732,0.09116466942372471,0.0051323115683892424
AATGACAGCAATGTCT.1__48x30,0.0002282455295906294,0.14564621373739076,0.008356652382058639,0.16204257952271284,0.07676255794013516,0.23840572290533504,0.03575918390016823,0.156413342349866,0.06538655138716003,0.09288243083603048,0.018116519509552165
AATGACGTAGGATGTC.1__44x78,0.007729850732920357,0.11964322706517824,0.043013659156199015,0.08331502908464604,0.10101764440652855,0.08006804774381902,0.286990144878506,0.0607460628793707,0.06337787896334152,0.08237145610864036,0.0717269989808502
AATGACTGTCAGCCGG.1__23x47,0.0027065503354148294,0.13251132597272666,0.048821686422148035,0.015184511637131373,0.18784356275566647,0.2059019967195322,0.08674116563384401,0.09906123994833346,0.08449540796184099,0.13423913173890567,0.0024934208744563113
AATGATGATACGCTAT.1__23x93,0.00017969159642344137,0.039431681538073665,0.11616524070574745,0.009699065589893382,0.10665757627906787,0.15432806260889972,0.053083091892543295,0.08347185601984129,0.0972161711495974,0.2631374843821857,0.07663007823772681
AATGATGCGACTCCTG.1__25x101,1.3657801453651976e-05,0.09240942387698624,0.12413044449650483,0.07723375762605207,0.09174399726673904,0.18681843641789203,0.034519800539444374,0.027013969078663786,0.014408898183711416,0.19007128954064353,0.16163632517190904
AATGCAACCGGGTACC.1__25x59,3.739185576258042e-05,0.14393778496793674,0.016784193376351134,0.04658082225879653,0.15489000841433842,0.14928791169925726,0.06794205721569431,0.13384014714310416,0.09511228879136177,0.010105693751387803,0.18148170052600932
AATGCACCAAGCAATG.1__19x97,9.081890246882627e-05,0.06019458978793281,0.15813287228742068,0.00687844054219644,0.16483124983899625,0.2144328919286309,0.14653814066459972,0.03586374154100733,0.13835760753489157,0.07393598411216544,0.0007436628596900049
AATGGTCCACCGTTCA.1__30x16,2.7485993703572076e-05,0.0008105576978898477,0.07183890127169885,0.3870776240390747,0.0026064057333692295,0.008479588674756178,0.014054345871000731,0.19503204766342586,0.012019806537854064,0.00012539314010384802,0.3079278433771231
AATGGTTCTCACAAGC.1__19x35,0.3313941365321296,0.02302449391490608,0.11875136638134785,0.09419309550529124,0.06720380703845816,0.01711850300100982,0.04404262784609812,0.08736345695108981,0.07340655838710675,0.09183516506263824,0.051666789379924326
AATGTGCCCGAGGTGT.1__55x27,3.40830655889915e-05,0.448899697783321,0.05811835172026059,0.09125720031058403,0.06296827586442716,0.080830304894425,0.024069053807415093,0.09388905240750968,0.028752200406159355,0.1065274042145933,0.004654375525715813
AATTAAAGGTCGGCGT.1__40x50,0.10476476982378123,0.07158155957729695,0.075039316981977,0.1771601344193841,0.06528294831402706,0.055314380841636764,0.07753443046021956,0.15847669527468336,0.10683075831700398,0.10685708800689274,0.0011579179830972567
AATTAGCGCTGCAGCG.1__51x63,0.00013878004015288755,0.13748399615586493,0.08701569861866557,0.10179328447870462,0.023002800656367676,0.28557552866655894,0.07803991518998414,0.09314245138444384,0.006015971220059233,0.12845568432251833,0.059335889266679855
AATTCATAAGGGATCT.1__23x91,0.20661941245317658,0.043640716151856496,0.03057910710519566,0.16800622403608306,0.09621544733013483,0.09722786875729887,0.09961179364727397,0.0725182246642944,0.12238628659263782,0.06043913898837861,0.002755780273669684
AATTCCAAGCATGTAC.1__66x58,0.25485501831688917,0.03991484304062547,0.14169215544040606,0.030680741771155776,0.07378238399030299,0.056036946035510966,0.0771465010494718,0.11336692582899784,0.0538570702061215,0.10616754397269253,0.052499870347825946
AATTCGATTCGAGGAT.1__66x76,0.00020251650878104596,0.060914763835251545,0.003648472190758009,0.0009403778190766077,0.12308908351700744,0.25114889096427245,0.0978203131182036,0.05047567114559333,0.05969627864359071,0.05043128734397195,0.3016323449134933
AATTCTAGAGTTAGGC.1__49x63,0.22846249764535198,0.060296664145333384,0.15375135309709115,0.08388046231774042,0.06835111830625468,0.04728954103447909,0.07938797846261618,0.04685651355759088,0.07826888986533073,0.10288168446558177,0.050573297102629734
AATTGAACGCTCTGGT.1__45x83,4.342195242165522e-05,0.20046152549690846,0.008451581501490186,0.10999139683260067,0.08916609435314839,0.10108716828017894,0.015505417380890004,0.05232767697760201,0.05036278449471089,0.3717165413284304,0.0008863914016183887
AATTTGGGACATAGTA.1__13x91,0.1590764760756028,0.03914524173638067,0.10836539780278491,0.10982886214953935,0.04148834625798034,0.06406992460980356,0.13629642983387757,0.039782963964130176,0.1293152662112706,0.08158912188276914,0.09104196947586092
AATTTGGTTCCAAAGA.1__11x67,0.03779040226480112,0.34629582669272235,0.059258352868707675,0.1544524020660362,0.14608573484321458,0.03988802528273484,0.04490611983577746,0.07592125944431416,0.025410994188457145,0.05571474598555441,0.01427613652768009
ACAAATCGCACCGAAT.1__50x82,0.21738989362470654,0.08280463491710069,0.08787940724086725,0.07663979578260817,0.08987792749578226,0.09039230887820432,0.08031328425890648,0.05872172658148419,0.09955693459530957,0.09258743675665987,0.02383664986837067
