,Endothelial,CAFs,PVL,B.cells,T.cells,Myeloid,Normal.Epithelial,Cancer.Epithelial
AAACAAGTATCTCCCA-1,8.39E-02,1.39E-01,7.85E-02,4.73E-02,4.12E-01,6.02E-02,1.14E-01,6.49E-02
AAACACCAATAACTGC-1,9.15E-02,1.32E-01,8.13E-02,5.00E-02,3.88E-01,6.16E-02,1.21E-01,7.43E-02
AAACAGAGCGACTCCT-1,8.54E-02,1.32E-01,7.88E-02,4.65E-02,4.20E-01,5.73E-02,1.14E-01,6.55E-02
AAACAGGGTCTATATT-1,7.62E-02,1.35E-01,7.31E-02,4.31E-02,4.52E-01,5.59E-02,1.07E-01,5.75E-02
AAACAGTGTTCCTGGG-1,8.96E-02,1.32E-01,7.98E-02,4.82E-02,4.00E-01,5.96E-02,1.19E-01,7.16E-02
AAACATTTCCCGGATT-1,9.30E-02,1.34E-01,8.19E-02,5.13E-02,3.75E-01,6.38E-02,1.23E-01,7.71E-02
AAACCCGAACGAAATC-1,8.40E-02,1.45E-01,7.98E-02,4.95E-02,3.97E-01,6.40E-02,1.15E-01,6.61E-02
AAACCGGGTAGGTACC-1,9.41E-02,1.36E-01,8.28E-02,5.24E-02,3.67E-01,6.51E-02,1.24E-01,7.88E-02
AAACCTAAGCAGCCGG-1,9.07E-02,1.34E-01,8.08E-02,4.96E-02,3.90E-01,6.16E-02,1.21E-01,7.34E-02
AAACCTCATGAAGTTG-1,9.19E-02,1.41E-01,8.28E-02,5.22E-02,3.69E-01,6.59E-02,1.22E-01,7.52E-02
AAACGAAGAACATACC-1,9.12E-02,1.33E-01,8.06E-02,4.98E-02,3.87E-01,6.20E-02,1.22E-01,7.48E-02
AAACGAGACGGTTGAT-1,9.21E-02,1.36E-01,8.18E-02,5.11E-02,3.77E-01,6.39E-02,1.23E-01,7.58E-02
AAACGCCCGAGATCGG-1,9.12E-02,1.35E-01,8.14E-02,5.03E-02,3.85E-01,6.26E-02,1.21E-01,7.38E-02
AAACGGGCGTACGGGT-1,9.40E-02,1.36E-01,8.26E-02,5.22E-02,3.67E-01,6.53E-02,1.24E-01,7.87E-02
AAACGGTTGCGAACTG-1,9.18E-02,1.40E-01,8.29E-02,5.23E-02,3.71E-01,6.58E-02,1.22E-01,7.50E-02
AAACGTGTTCGCCCTA-1,9.15E-02,1.34E-01,8.32E-02,5.05E-02,3.89E-01,6.13E-02,1.19E-01,7.20E-02
AAACTAACGTGGCGAC-1,8.96E-02,1.36E-01,8.10E-02,4.92E-02,3.94E-01,6.10E-02,1.19E-01,7.11E-02
AAACTCGGTTCGCAAT-1,9.25E-02,1.33E-01,8.16E-02,5.07E-02,3.80E-01,6.30E-02,1.22E-01,7.62E-02
AAACTCGTGATATAAG-1,8.83E-02,1.37E-01,8.04E-02,4.78E-02,4.03E-01,5.91E-02,1.17E-01,6.83E-02
AAACTGCTGGCTCCAA-1,9.34E-02,1.31E-01,8.54E-02,5.41E-02,3.75E-01,6.47E-02,1.21E-01,7.55E-02
AAACTTAATTGCACGC-1,9.15E-02,1.33E-01,8.09E-02,4.97E-02,3.88E-01,6.15E-02,1.21E-01,7.46E-02
AAACTTGCAAACGTAT-1,9.25E-02,1.38E-01,8.30E-02,5.21E-02,3.72E-01,6.49E-02,1.22E-01,7.57E-02
AAAGAATGTGGACTAA-1,9.34E-02,1.35E-01,8.21E-02,5.15E-02,3.73E-01,6.42E-02,1.24E-01,7.77E-02
AAAGACCCAAGTCGCG-1,9.33E-02,1.34E-01,8.18E-02,5.11E-02,3.76E-01,6.34E-02,1.23E-01,7.79E-02
AAAGACTGGGCGCTTT-1,9.64E-02,1.43E-01,8.56E-02,5.58E-02,3.42E-01,7.01E-02,1.26E-01,8.17E-02
AAAGCTTGCCTACATA-1,8.80E-02,1.38E-01,7.98E-02,4.75E-02,4.01E-01,5.96E-02,1.17E-01,6.85E-02
AAAGGCCCTATAATAC-1,9.29E-02,1.34E-01,8.21E-02,5.11E-02,3.78E-01,6.32E-02,1.22E-01,7.63E-02
AAAGGCTACGGACCAT-1,8.93E-02,1.36E-01,8.06E-02,4.95E-02,3.92E-01,6.19E-02,1.19E-01,7.15E-02
AAAGGCTCTCGCGCCG-1,8.36E-02,1.30E-01,7.70E-02,4.51E-02,4.31E-01,5.61E-02,1.13E-01,6.36E-02
AAAGGGATGTAGCAAG-1,9.14E-02,1.34E-01,8.13E-02,5.05E-02,3.84E-01,6.28E-02,1.22E-01,7.46E-02
AAAGGGCAGCTTGAAT-1,8.81E-02,1.37E-01,8.08E-02,4.96E-02,3.93E-01,6.25E-02,1.19E-01,6.95E-02
AAAGGTAAGCTGTACC-1,9.02E-02,1.37E-01,8.20E-02,5.00E-02,3.88E-01,6.20E-02,1.19E-01,7.14E-02
AAAGTAGCATTGCTCA-1,8.69E-02,1.36E-01,8.08E-02,4.93E-02,4.02E-01,6.16E-02,1.16E-01,6.77E-02
AAAGTCACTGATGTAA-1,9.19E-02,1.35E-01,8.14E-02,5.07E-02,3.81E-01,6.31E-02,1.22E-01,7.56E-02
AAAGTCGACCCTCAGT-1,9.28E-02,1.42E-01,8.31E-02,5.23E-02,3.65E-01,6.60E-02,1.23E-01,7.61E-02
AAAGTGTGATTTATCT-1,7.86E-02,1.47E-01,7.38E-02,4.48E-02,4.22E-01,6.06E-02,1.11E-01,6.21E-02
AAAGTTGACTCCCGTA-1,9.00E-02,1.34E-01,8.02E-02,4.91E-02,3.92E-01,6.13E-02,1.21E-01,7.27E-02
AAATAACCATACGGGA-1,9.25E-02,1.38E-01,8.30E-02,5.19E-02,3.73E-01,6.46E-02,1.22E-01,7.52E-02
AAATAAGGTAGTGCCC-1,9.05E-02,1.35E-01,8.11E-02,4.99E-02,3.87E-01,6.23E-02,1.20E-01,7.30E-02
AAATACCTATAAGCAT-1,8.99E-02,1.37E-01,8.11E-02,4.94E-02,3.90E-01,6.15E-02,1.19E-01,7.14E-02
AAATAGCTTAGACTTT-1,8.91E-02,1.28E-01,7.89E-02,4.79E-02,4.05E-01,5.91E-02,1.20E-01,7.19E-02
AAATAGGGTGCTATTG-1,8.89E-02,1.33E-01,8.02E-02,4.90E-02,3.97E-01,6.11E-02,1.19E-01,7.11E-02
AAATCCGATACACGCC-1,9.20E-02,1.36E-01,8.20E-02,5.11E-02,3.78E-01,6.36E-02,1.22E-01,7.52E-02
AAATCGTGTACCACAA-1,9.43E-02,1.37E-01,8.28E-02,5.25E-02,3.64E-01,6.57E-02,1.24E-01,7.93E-02
AAATCTAGCCCTGCTA-1,9.09E-02,1.33E-01,8.13E-02,5.06E-02,3.86E-01,6.29E-02,1.21E-01,7.41E-02
AAATGATTCGATCAGC-1,8.87E-02,1.36E-01,8.04E-02,4.86E-02,3.97E-01,6.07E-02,1.19E-01,6.99E-02
AAATGCTCGTTACGTT-1,8.92E-02,1.29E-01,7.98E-02,4.84E-02,4.04E-01,5.94E-02,1.19E-01,7.15E-02
AAATGGCATGTCTTGT-1,8.52E-02,1.35E-01,7.78E-02,4.72E-02,4.11E-01,5.99E-02,1.16E-01,6.75E-02
AAATGGCCCGTGCCCT-1,8.62E-02,1.32E-01,7.86E-02,4.73E-02,4.12E-01,5.91E-02,1.16E-01,6.80E-02
AAATGGTCAATGTGCC-1,9.33E-02,1.36E-01,8.23E-02,5.19E-02,3.70E-01,6.48E-02,1.24E-01,7.77E-02
AAATGTGGGTGCTCCT-1,9.16E-02,1.33E-01,8.12E-02,5.03E-02,3.85E-01,6.24E-02,1.22E-01,7.50E-02
AAATTAACGGGTAGCT-1,9.30E-02,1.37E-01,8.27E-02,5.21E-02,3.70E-01,6.51E-02,1.23E-01,7.70E-02
AAATTACACGACTCTG-1,9.17E-02,1.40E-01,8.33E-02,5.16E-02,3.75E-01,6.43E-02,1.21E-01,7.31E-02
AAATTACCTATCGATG-1,9.27E-02,1.38E-01,8.27E-02,5.25E-02,3.67E-01,6.61E-02,1.23E-01,7.67E-02
AAATTCCAGGTCCAAA-1,8.96E-02,1.29E-01,7.92E-02,4.80E-02,4.02E-01,5.94E-02,1.20E-01,7.22E-02
AAATTGATAGTCCTTT-1,9.14E-02,1.32E-01,8.11E-02,4.98E-02,3.89E-01,6.15E-02,1.21E-01,7.41E-02
AAATTGCGGCGGTTCT-1,9.06E-02,1.32E-01,8.06E-02,4.95E-02,3.93E-01,6.11E-02,1.20E-01,7.35E-02
AAATTGGTGAGAAGCA-1,9.07E-02,1.31E-01,8.38E-02,4.92E-02,4.04E-01,5.80E-02,1.15E-01,6.83E-02
AAATTTACCGAAATCC-1,8.99E-02,1.34E-01,8.04E-02,4.92E-02,3.93E-01,6.13E-02,1.20E-01,7.23E-02
AAATTTGCGGGTGTGG-1,9.31E-02,1.34E-01,8.24E-02,5.18E-02,3.74E-01,6.43E-02,1.23E-01,7.72E-02
AACAACTGGTAGTTGC-1,9.37E-02,1.36E-01,8.30E-02,5.25E-02,3.68E-01,6.53E-02,1.24E-01,7.79E-02
AACAATACATTGTCGA-1,9.11E-02,1.33E-01,8.07E-02,4.94E-02,3.89E-01,6.13E-02,1.21E-01,7.39E-02
AACAATTACTCTACGC-1,9.25E-02,1.34E-01,8.18E-02,5.13E-02,3.77E-01,6.40E-02,1.23E-01,7.67E-02
AACACACGCTCGCCGC-1,9.14E-02,1.38E-01,8.11E-02,4.99E-02,3.82E-01,6.26E-02,1.21E-01,7.42E-02
AACACGACTGTACTGA-1,9.17E-02,1.33E-01,8.12E-02,5.01E-02,3.84E-01,6.24E-02,1.22E-01,7.48E-02
AACACGAGACGCGGCC-1,9.14E-02,1.38E-01,8.25E-02,5.18E-02,3.76E-01,6.49E-02,1.21E-01,7.46E-02
AACACGCGGCCGCGAA-1,9.37E-02,1.37E-01,8.25E-02,5.22E-02,3.67E-01,6.54E-02,1.24E-01,7.83E-02
AACAGCTGTGTGGCAA-1,9.13E-02,1.32E-01,8.10E-02,4.98E-02,3.90E-01,6.14E-02,1.21E-01,7.43E-02
AACAGGAAATCGAATA-1,8.90E-02,1.32E-01,7.98E-02,4.87E-02,3.99E-01,6.06E-02,1.19E-01,7.14E-02
AACAGGATGGGCCGCG-1,9.19E-02,1.33E-01,8.15E-02,5.05E-02,3.83E-01,6.25E-02,1.22E-01,7.53E-02
AACAGGTAGTATGGAT-1,8.53E-02,1.34E-01,8.00E-02,4.88E-02,4.10E-01,6.10E-02,1.15E-01,6.61E-02
AACATATCAACTGGTG-1,9.09E-02,1.36E-01,8.17E-02,5.08E-02,3.82E-01,6.35E-02,1.21E-01,7.38E-02
AACATCGATACGTCTA-1,8.85E-02,1.40E-01,8.21E-02,4.78E-02,4.02E-01,5.86E-02,1.15E-01,6.61E-02
AACATTGAAGTTGATC-1,9.28E-02,1.37E-01,8.20E-02,5.10E-02,3.75E-01,6.36E-02,1.22E-01,7.62E-02
AACATTGTGACTCGAG-1,9.29E-02,1.36E-01,8.26E-02,5.19E-02,3.73E-01,6.45E-02,1.23E-01,7.65E-02
AACCAAGACTTCTCTG-1,9.24E-02,1.35E-01,8.22E-02,5.15E-02,3.76E-01,6.41E-02,1.22E-01,7.61E-02
AACCAGTATCACTCTT-1,8.88E-02,1.32E-01,7.99E-02,4.83E-02,4.02E-01,5.98E-02,1.18E-01,7.06E-02
AACCATAGGGTTGAAC-1,9.16E-02,1.33E-01,8.11E-02,4.99E-02,3.86E-01,6.18E-02,1.21E-01,7.46E-02
AACCATGGGATCGCTA-1,9.01E-02,1.30E-01,7.98E-02,4.87E-02,3.98E-01,6.02E-02,1.20E-01,7.32E-02
AACCCAGAGACGGAGA-1,9.30E-02,1.34E-01,8.16E-02,5.10E-02,3.77E-01,6.33E-02,1.23E-01,7.74E-02
AACCCATCCCATGATC-1,8.97E-02,1.35E-01,8.12E-02,5.04E-02,3.88E-01,6.29E-02,1.20E-01,7.26E-02
AACCCGACAACCCGTG-1,9.18E-02,1.39E-01,8.22E-02,5.08E-02,3.77E-01,6.35E-02,1.21E-01,7.42E-02
AACCCGAGCAGAATCG-1,8.91E-02,1.32E-01,8.01E-02,4.88E-02,3.99E-01,6.05E-02,1.19E-01,7.12E-02
AACCCGCTGTATTCCA-1,9.16E-02,1.35E-01,8.15E-02,5.05E-02,3.82E-01,6.29E-02,1.21E-01,7.47E-02
AACCCTACTGTCAATA-1,8.99E-02,1.31E-01,8.02E-02,4.90E-02,3.96E-01,6.07E-02,1.20E-01,7.26E-02
AACCCTGGTGGAACCA-1,8.95E-02,1.31E-01,7.93E-02,4.80E-02,4.00E-01,5.98E-02,1.20E-01,7.19E-02
AACCGAGCTTGGTCAT-1,9.18E-02,1.35E-01,8.19E-02,5.11E-02,3.80E-01,6.36E-02,1.22E-01,7.51E-02
AACCGCTAAGGGATGC-1,8.21E-02,1.30E-01,7.65E-02,4.46E-02,4.38E-01,5.55E-02,1.11E-01,6.20E-02
AACCGTTGTGTTTGCT-1,9.25E-02,1.38E-01,8.25E-02,5.18E-02,3.72E-01,6.49E-02,1.22E-01,7.62E-02
AACCTCGCTTTAGCCC-1,8.82E-02,1.48E-01,8.20E-02,5.27E-02,3.69E-01,6.84E-02,1.19E-01,7.26E-02
AACCTGTCACGGAATT-1,9.31E-02,1.34E-01,8.27E-02,5.11E-02,3.79E-01,6.28E-02,1.22E-01,7.58E-02
AACCTTTAAATACGGT-1,9.29E-02,1.36E-01,8.23E-02,5.16E-02,3.74E-01,6.42E-02,1.23E-01,7.67E-02
AACCTTTACGACGTCT-1,8.91E-02,1.36E-01,8.10E-02,4.94E-02,3.94E-01,6.14E-02,1.18E-01,7.10E-02
AACGATAATGCCGTAG-1,9.23E-02,1.37E-01,8.26E-02,5.18E-02,3.74E-01,6.46E-02,1.22E-01,7.57E-02
AACGATAGAAGGGCCG-1,9.26E-02,1.34E-01,8.14E-02,5.08E-02,3.78E-01,6.33E-02,1.23E-01,7.68E-02
AACGATATGTCAACTG-1,8.73E-02,1.35E-01,7.95E-02,4.82E-02,4.03E-01,6.03E-02,1.17E-01,6.90E-02
AACGCATGATCTGGGT-1,8.84E-02,1.29E-01,8.18E-02,4.80E-02,4.14E-01,5.73E-02,1.15E-01,6.65E-02
AACGCGAACGGCAACA-1,8.81E-02,1.27E-01,7.88E-02,4.73E-02,4.13E-01,5.79E-02,1.18E-01,7.00E-02
AACGCGACCTTGGGCG-1,9.50E-02,1.37E-01,8.37E-02,5.33E-02,3.61E-01,6.61E-02,1.24E-01,7.94E-02
AACGCGGTCTCCAGCC-1,8.92E-02,1.31E-01,8.03E-02,4.90E-02,3.99E-01,6.06E-02,1.19E-01,7.12E-02
AACGCTGTTGCTGAAA-1,9.20E-02,1.33E-01,8.09E-02,5.02E-02,3.84E-01,6.23E-02,1.22E-01,7.58E-02
AACGGACGTACGTATA-1,8.99E-02,1.37E-01,8.18E-02,4.98E-02,3.90E-01,6.19E-02,1.19E-01,7.08E-02
AACGGCCATCTCCGGT-1,9.30E-02,1.36E-01,8.25E-02,5.18E-02,3.72E-01,6.45E-02,1.23E-01,7.67E-02
AACGTACTGTGGGTAC-1,9.30E-02,1.39E-01,8.35E-02,5.29E-02,3.67E-01,6.61E-02,1.23E-01,7.65E-02
AACGTCAGACTAGTGG-1,9.16E-02,1.35E-01,8.17E-02,5.07E-02,3.82E-01,6.30E-02,1.21E-01,7.47E-02
AACGTCGCTGCACTTC-1,9.16E-02,1.32E-01,8.09E-02,4.98E-02,3.88E-01,6.15E-02,1.21E-01,7.49E-02
AACGTGATGAAGGACA-1,9.02E-02,1.38E-01,8.09E-02,4.92E-02,3.87E-01,6.18E-02,1.20E-01,7.17E-02
AACGTGCGAAAGTCTC-1,9.34E-02,1.36E-01,8.24E-02,5.20E-02,3.70E-01,6.49E-02,1.24E-01,7.78E-02
AACTACCCGTTTGTCA-1,8.77E-02,1.50E-01,8.32E-02,5.35E-02,3.67E-01,6.93E-02,1.18E-01,7.09E-02
AACTAGGCTTGGGTGT-1,9.30E-02,1.35E-01,8.19E-02,5.12E-02,3.75E-01,6.36E-02,1.23E-01,7.72E-02
AACTCAAGTTAATTGC-1,9.31E-02,1.35E-01,8.22E-02,5.18E-02,3.72E-01,6.47E-02,1.23E-01,7.74E-02
AACTCCAGAGCGTGTT-1,9.31E-02,1.37E-01,8.21E-02,5.14E-02,3.72E-01,6.42E-02,1.23E-01,7.68E-02
AACTCCTAATCCCATG-1,8.72E-02,1.31E-01,7.99E-02,4.70E-02,4.16E-01,5.72E-02,1.15E-01,6.67E-02
AACTCGATGGCGCAGT-1,8.73E-02,1.28E-01,7.88E-02,4.71E-02,4.15E-01,5.78E-02,1.17E-01,6.87E-02
AACTCTCAATAGAGCG-1,9.06E-02,1.36E-01,8.18E-02,5.03E-02,3.86E-01,6.26E-02,1.20E-01,7.26E-02
AACTGAGGTCAGCGTC-1,9.16E-02,1.35E-01,8.28E-02,5.14E-02,3.81E-01,6.35E-02,1.21E-01,7.39E-02
AACTGATATTAGGCCT-1,8.92E-02,1.31E-01,8.03E-02,4.90E-02,3.99E-01,6.05E-02,1.19E-01,7.14E-02
AACTGGGTCCCGACGT-1,9.07E-02,1.34E-01,8.11E-02,5.03E-02,3.86E-01,6.27E-02,1.21E-01,7.39E-02
AACTGGTGTGGGCCTT-1,9.40E-02,1.35E-01,8.25E-02,5.20E-02,3.69E-01,6.46E-02,1.24E-01,7.85E-02
AACTTCTGCGTCTATC-1,8.94E-02,1.34E-01,8.10E-02,4.97E-02,3.93E-01,6.18E-02,1.19E-01,7.15E-02
AACTTGCCCGTATGCA-1,9.47E-02,1.36E-01,8.30E-02,5.30E-02,3.61E-01,6.63E-02,1.25E-01,8.02E-02
AACTTGCGTTCTCGCG-1,8.83E-02,1.31E-01,7.98E-02,4.84E-02,4.04E-01,5.99E-02,1.18E-01,7.02E-02
AACTTTAGCTGCTGAG-1,9.33E-02,1.35E-01,8.25E-02,5.18E-02,3.73E-01,6.43E-02,1.23E-01,7.72E-02
AAGAAGGATCAGTTAG-1,9.03E-02,1.30E-01,8.10E-02,4.91E-02,3.99E-01,5.99E-02,1.19E-01,7.19E-02
AAGACATACGTGGTTT-1,9.25E-02,1.33E-01,8.13E-02,5.06E-02,3.80E-01,6.29E-02,1.23E-01,7.66E-02
AAGACCCAACTGAACA-1,8.95E-02,1.45E-01,8.27E-02,5.26E-02,3.71E-01,6.72E-02,1.20E-01,7.28E-02
AAGACTAACCCGTTGT-1,9.19E-02,1.33E-01,8.15E-02,5.06E-02,3.84E-01,6.26E-02,1.21E-01,7.55E-02
AAGACTGCAAGCTACT-1,9.30E-02,1.35E-01,8.20E-02,5.13E-02,3.75E-01,6.37E-02,1.23E-01,7.71E-02
AAGAGATGAATCGGTA-1,8.92E-02,1.37E-01,8.07E-02,4.94E-02,3.92E-01,6.20E-02,1.19E-01,7.11E-02
AAGAGCTCTTTATCGG-1,8.81E-02,1.30E-01,7.96E-02,4.79E-02,4.07E-01,5.91E-02,1.18E-01,6.96E-02
AAGAGGATGTACGCGA-1,9.22E-02,1.36E-01,8.23E-02,5.18E-02,3.74E-01,6.48E-02,1.23E-01,7.61E-02
AAGAGGCATGGATCGC-1,8.72E-02,1.32E-01,8.00E-02,4.90E-02,4.05E-01,6.10E-02,1.18E-01,6.89E-02
AAGAGGCCCTTTGGAA-1,9.27E-02,1.39E-01,8.30E-02,5.18E-02,3.71E-01,6.46E-02,1.22E-01,7.55E-02
AAGATGGCACCGGACC-1,9.09E-02,1.32E-01,8.11E-02,4.99E-02,3.91E-01,6.15E-02,1.20E-01,7.36E-02
AAGATTGGCGGAACGT-1,9.22E-02,1.38E-01,8.29E-02,5.23E-02,3.71E-01,6.55E-02,1.22E-01,7.55E-02
AAGCACCCTGCGTATC-1,9.27E-02,1.36E-01,8.26E-02,5.16E-02,3.74E-01,6.42E-02,1.22E-01,7.60E-02
AAGCATACTCTCCTGA-1,8.76E-02,1.38E-01,8.05E-02,4.97E-02,3.93E-01,6.30E-02,1.18E-01,6.99E-02
AAGCCGAAGCGGTTTA-1,9.04E-02,1.33E-01,8.06E-02,4.97E-02,3.90E-01,6.18E-02,1.21E-01,7.34E-02
AAGCCGCCGTGAAATC-1,9.32E-02,1.35E-01,8.25E-02,5.16E-02,3.75E-01,6.39E-02,1.23E-01,7.68E-02
AAGCGCAGGGCTTTGA-1,9.34E-02,1.34E-01,8.19E-02,5.13E-02,3.74E-01,6.38E-02,1.23E-01,7.76E-02
AAGCGGCGTCATGGGT-1,8.65E-02,1.32E-01,7.95E-02,4.70E-02,4.16E-01,5.78E-02,1.15E-01,6.63E-02
AAGCGTCCCTCATCGA-1,9.07E-02,1.33E-01,8.04E-02,4.92E-02,3.93E-01,6.09E-02,1.20E-01,7.34E-02
AAGCTAGATCGAGTAA-1,9.12E-02,1.36E-01,8.17E-02,5.06E-02,3.83E-01,6.30E-02,1.21E-01,7.41E-02
AAGCTCGTGCCAAGTC-1,9.47E-02,1.36E-01,8.30E-02,5.27E-02,3.63E-01,6.57E-02,1.25E-01,7.96E-02
AAGCTCTTTCATGGTG-1,9.15E-02,1.38E-01,8.22E-02,5.18E-02,3.74E-01,6.52E-02,1.22E-01,7.53E-02
AAGGAGAACTTATAAG-1,9.15E-02,1.34E-01,8.13E-02,5.05E-02,3.83E-01,6.29E-02,1.22E-01,7.49E-02
AAGGAGCGGTTGGTGC-1,9.30E-02,1.34E-01,8.20E-02,5.13E-02,3.76E-01,6.38E-02,1.23E-01,7.72E-02
AAGGATCGATCGCTTG-1,8.84E-02,1.28E-01,7.87E-02,4.74E-02,4.09E-01,5.86E-02,1.19E-01,7.07E-02
AAGGATGAGGGACCTC-1,9.04E-02,1.35E-01,8.27E-02,5.16E-02,3.84E-01,6.39E-02,1.20E-01,7.25E-02
AAGGCAGGCTGTCTCC-1,8.61E-02,1.49E-01,8.07E-02,4.92E-02,3.89E-01,6.31E-02,1.15E-01,6.71E-02
AAGGCGCGTAAAGCTT-1,9.19E-02,1.34E-01,8.17E-02,5.06E-02,3.83E-01,6.27E-02,1.22E-01,7.51E-02
AAGGCTGTGCTCATCG-1,9.22E-02,1.38E-01,8.24E-02,5.18E-02,3.73E-01,6.49E-02,1.23E-01,7.58E-02
AAGGGAACGACTGGCT-1,9.20E-02,1.34E-01,8.16E-02,5.06E-02,3.83E-01,6.26E-02,1.22E-01,7.51E-02
AAGGGACAGATTCTGT-1,9.25E-02,1.38E-01,8.33E-02,5.27E-02,3.70E-01,6.58E-02,1.22E-01,7.60E-02
AAGGGACTATGCATTC-1,9.16E-02,1.33E-01,8.11E-02,4.99E-02,3.87E-01,6.18E-02,1.21E-01,7.47E-02
AAGGTATCCTAATATA-1,8.88E-02,1.36E-01,8.09E-02,4.94E-02,3.95E-01,6.16E-02,1.19E-01,7.03E-02
AAGGTGATAAACCAGC-1,8.81E-02,1.48E-01,8.19E-02,5.14E-02,3.76E-01,6.61E-02,1.18E-01,7.07E-02
AAGTAGAAGACCGGGT-1,9.18E-02,1.34E-01,8.16E-02,5.09E-02,3.82E-01,6.33E-02,1.22E-01,7.54E-02
AAGTAGTGACGCGAGG-1,9.34E-02,1.35E-01,8.23E-02,5.18E-02,3.71E-01,6.46E-02,1.24E-01,7.79E-02
AAGTCAATTGTCGTCA-1,8.54E-02,1.23E-01,7.61E-02,4.48E-02,4.32E-01,5.51E-02,1.16E-01,6.72E-02
AAGTGACGACCGAATT-1,9.36E-02,1.35E-01,8.28E-02,5.22E-02,3.71E-01,6.48E-02,1.23E-01,7.78E-02
AAGTGAGTCGGGTTTA-1,9.24E-02,1.36E-01,8.27E-02,5.17E-02,3.76E-01,6.41E-02,1.22E-01,7.53E-02
AAGTGCCTTGACTGTA-1,8.99E-02,1.29E-01,7.93E-02,4.83E-02,4.00E-01,5.98E-02,1.21E-01,7.29E-02
AAGTGCGTTAGAATCT-1,9.11E-02,1.36E-01,8.32E-02,5.06E-02,3.87E-01,6.19E-02,1.18E-01,7.14E-02
AAGTGCTTCTCTATTG-1,9.23E-02,1.35E-01,8.16E-02,5.04E-02,3.81E-01,6.25E-02,1.22E-01,7.55E-02
AAGTGTTTGGAGACGG-1,8.93E-02,1.33E-01,8.06E-02,4.93E-02,3.96E-01,6.13E-02,1.19E-01,7.14E-02
AAGTTCACTCCAAGCT-1,9.14E-02,1.34E-01,8.10E-02,5.00E-02,3.86E-01,6.22E-02,1.21E-01,7.46E-02
AAGTTCAGTCTGCGTA-1,8.86E-02,1.34E-01,8.11E-02,4.88E-02,4.01E-01,6.01E-02,1.17E-01,6.92E-02
AAGTTCGGCCAACAGG-1,9.40E-02,1.35E-01,8.26E-02,5.21E-02,3.69E-01,6.48E-02,1.24E-01,7.86E-02
AAGTTGTGATGTTATA-1,9.28E-02,1.34E-01,8.16E-02,5.09E-02,3.77E-01,6.34E-02,1.23E-01,7.70E-02
AAGTTTACTAATGGCA-1,9.17E-02,1.36E-01,8.13E-02,5.05E-02,3.80E-01,6.33E-02,1.22E-01,7.53E-02
AAGTTTATGGGCCCAA-1,9.24E-02,1.35E-01,8.21E-02,5.16E-02,3.75E-01,6.44E-02,1.23E-01,7.62E-02
AATAACAACGCTCGGC-1,9.42E-02,1.36E-01,8.29E-02,5.25E-02,3.67E-01,6.53E-02,1.24E-01,7.89E-02
AATAACGTCGCGCCCA-1,9.30E-02,1.34E-01,8.19E-02,5.12E-02,3.77E-01,6.35E-02,1.23E-01,7.69E-02
AATAAGTCCTCGAGAC-1,9.20E-02,1.33E-01,8.10E-02,5.02E-02,3.83E-01,6.24E-02,1.22E-01,7.57E-02
AATACAATGTTTCAGG-1,9.10E-02,1.38E-01,8.25E-02,5.15E-02,3.78E-01,6.45E-02,1.21E-01,7.36E-02
AATACCGGAGGGCTGT-1,9.12E-02,1.31E-01,8.10E-02,4.95E-02,3.92E-01,6.08E-02,1.20E-01,7.37E-02
AATACCTGATGTGAAC-1,8.92E-02,1.34E-01,7.96E-02,4.83E-02,3.98E-01,6.03E-02,1.20E-01,7.14E-02
AATAGAATCTGTTTCA-1,8.63E-02,1.33E-01,7.88E-02,4.73E-02,4.11E-01,5.91E-02,1.16E-01,6.75E-02
AATAGCAAGCCTCCTG-1,8.98E-02,1.33E-01,8.17E-02,4.92E-02,3.98E-01,6.00E-02,1.18E-01,7.02E-02
AATAGCTACCGCGTGC-1,8.51E-02,1.35E-01,7.84E-02,4.58E-02,4.21E-01,5.70E-02,1.14E-01,6.43E-02
AATAGTCCGTCCCGAC-1,9.27E-02,1.36E-01,8.25E-02,5.17E-02,3.74E-01,6.43E-02,1.22E-01,7.62E-02
AATATCAAGGTCGGAT-1,9.53E-02,1.36E-01,8.29E-02,5.27E-02,3.62E-01,6.56E-02,1.25E-01,8.10E-02
AATATCGAATCAATGC-1,9.04E-02,1.34E-01,8.11E-02,5.02E-02,3.87E-01,6.26E-02,1.21E-01,7.34E-02
AATATCGAGGGTTCTC-1,8.95E-02,1.34E-01,8.07E-02,4.94E-02,3.94E-01,6.14E-02,1.19E-01,7.17E-02
AATATTGGAGTATTGA-1,9.38E-02,1.36E-01,8.30E-02,5.26E-02,3.66E-01,6.57E-02,1.24E-01,7.83E-02
AATCAGACTGCAGGAC-1,8.95E-02,1.29E-01,7.99E-02,4.85E-02,4.02E-01,5.96E-02,1.19E-01,7.19E-02
AATCAGGTTTCATTTA-1,9.08E-02,1.32E-01,8.05E-02,4.92E-02,3.93E-01,6.09E-02,1.20E-01,7.36E-02
AATCATGTAAAGACTC-1,9.28E-02,1.34E-01,8.20E-02,5.11E-02,3.78E-01,6.33E-02,1.22E-01,7.64E-02
AATCCAAGGGCCTGAG-1,9.43E-02,1.36E-01,8.30E-02,5.26E-02,3.65E-01,6.56E-02,1.24E-01,7.90E-02
AATCCATGCAAGGGTG-1,9.03E-02,1.29E-01,8.00E-02,4.89E-02,3.98E-01,6.01E-02,1.20E-01,7.34E-02
AATCGCCTCAGCGCCA-1,8.84E-02,1.34E-01,8.08E-02,4.86E-02,4.02E-01,5.99E-02,1.17E-01,6.89E-02
AATCGCGCAGAGGACT-1,9.08E-02,1.32E-01,8.03E-02,4.92E-02,3.91E-01,6.11E-02,1.21E-01,7.38E-02
AATCGGGACACTACGA-1,9.20E-02,1.34E-01,8.17E-02,5.07E-02,3.82E-01,6.28E-02,1.22E-01,7.53E-02
AATCGGTATAGCCCTC-1,9.45E-02,1.36E-01,8.29E-02,5.27E-02,3.64E-01,6.59E-02,1.25E-01,7.95E-02
AATCGTGAGCCGAGCA-1,9.19E-02,1.35E-01,8.15E-02,5.06E-02,3.81E-01,6.30E-02,1.22E-01,7.52E-02
AATCTAGGTTTACTTG-1,7.82E-02,1.19E-01,7.31E-02,4.12E-02,4.74E-01,5.01E-02,1.07E-01,5.75E-02
AATCTATGCCGGAGCC-1,8.79E-02,1.30E-01,8.07E-02,4.76E-02,4.14E-01,5.75E-02,1.15E-01,6.70E-02
AATCTGCGTTGGGACG-1,9.36E-02,1.41E-01,8.39E-02,5.35E-02,3.60E-01,6.72E-02,1.23E-01,7.76E-02
AATCTGGCTTTCTAGT-1,7.42E-02,1.17E-01,6.99E-02,3.87E-02,4.94E-01,4.78E-02,1.03E-01,5.41E-02
AATCTGGGTAGACCCT-1,8.77E-02,1.27E-01,7.84E-02,4.69E-02,4.14E-01,5.79E-02,1.18E-01,6.95E-02
AATGACAGCAATGTCT-1,9.47E-02,1.40E-01,8.42E-02,5.36E-02,3.58E-01,6.70E-02,1.24E-01,7.87E-02
AATGACTGTCAGCCGG-1,9.21E-02,1.35E-01,8.15E-02,5.08E-02,3.80E-01,6.32E-02,1.22E-01,7.60E-02
AATGAGTTCGCATATG-1,9.15E-02,1.34E-01,8.15E-02,5.05E-02,3.84E-01,6.26E-02,1.21E-01,7.45E-02
AATGATGATACGCTAT-1,9.24E-02,1.39E-01,8.29E-02,5.22E-02,3.70E-01,6.53E-02,1.22E-01,7.57E-02
AATGATGCGACTCCTG-1,9.26E-02,1.39E-01,8.34E-02,5.23E-02,3.71E-01,6.51E-02,1.22E-01,7.54E-02
AATGCAACCGGGTACC-1,9.24E-02,1.33E-01,8.20E-02,5.09E-02,3.81E-01,6.29E-02,1.22E-01,7.56E-02
AATGCACCAAGCAATG-1,8.93E-02,1.35E-01,8.26E-02,4.87E-02,4.03E-01,5.88E-02,1.16E-01,6.76E-02
AATGGTCCACCGTTCA-1,9.64E-02,1.42E-01,8.58E-02,5.57E-02,3.43E-01,6.96E-02,1.26E-01,8.12E-02
AATGGTTCTCACAAGC-1,9.29E-02,1.37E-01,8.31E-02,5.24E-02,3.71E-01,6.51E-02,1.23E-01,7.64E-02
AATGTATGGCACTGTA-1,9.18E-02,1.35E-01,8.15E-02,5.04E-02,3.82E-01,6.26E-02,1.22E-01,7.48E-02
AATGTGCCCGAGGTGT-1,9.12E-02,1.32E-01,8.12E-02,4.99E-02,3.90E-01,6.15E-02,1.21E-01,7.38E-02
AATGTGCTAATCTGAG-1,9.10E-02,1.34E-01,8.08E-02,4.95E-02,3.89E-01,6.13E-02,1.20E-01,7.36E-02
AATGTTGTCGTGAGAC-1,9.42E-02,1.36E-01,8.23E-02,5.19E-02,3.68E-01,6.48E-02,1.24E-01,7.92E-02
AATTAAAGGTCGGCGT-1,9.36E-02,1.36E-01,8.22E-02,5.20E-02,3.69E-01,6.51E-02,1.24E-01,7.85E-02
AATTAACGGATTTCCA-1,9.14E-02,1.38E-01,8.21E-02,5.13E-02,3.77E-01,6.44E-02,1.21E-01,7.46E-02
AATTCATAAGGGATCT-1,8.99E-02,1.35E-01,8.15E-02,4.99E-02,3.91E-01,6.18E-02,1.19E-01,7.16E-02
AATTCATTGTCATGCA-1,9.13E-02,1.36E-01,8.41E-02,5.19E-02,3.83E-01,6.30E-02,1.19E-01,7.16E-02
AATTCCAAGCATGTAC-1,9.17E-02,1.40E-01,8.39E-02,5.33E-02,3.68E-01,6.68E-02,1.22E-01,7.45E-02
AATTCGATTCGAGGAT-1,9.32E-02,1.35E-01,8.19E-02,5.12E-02,3.75E-01,6.37E-02,1.23E-01,7.72E-02
AATTGCAGCAATCGAC-1,9.33E-02,1.34E-01,8.21E-02,5.13E-02,3.75E-01,6.36E-02,1.23E-01,7.75E-02
AATTGCGTGGATTACA-1,9.21E-02,1.34E-01,8.15E-02,5.05E-02,3.82E-01,6.26E-02,1.22E-01,7.54E-02
AATTTGGGACATAGTA-1,9.03E-02,1.36E-01,8.16E-02,4.98E-02,3.90E-01,6.18E-02,1.19E-01,7.20E-02
AATTTGGTTCCAAAGA-1,9.12E-02,1.40E-01,8.23E-02,5.16E-02,3.74E-01,6.49E-02,1.21E-01,7.44E-02
ACAAACCATGCGTCCT-1,9.24E-02,1.36E-01,8.22E-02,5.13E-02,3.77E-01,6.38E-02,1.22E-01,7.57E-02
ACAAAGCATGACCTAG-1,9.36E-02,1.35E-01,8.24E-02,5.17E-02,3.72E-01,6.43E-02,1.23E-01,7.77E-02
ACAAATCGCACCGAAT-1,8.67E-02,1.48E-01,8.17E-02,5.18E-02,3.78E-01,6.70E-02,1.17E-01,6.99E-02
ACAAATTCAGATCTGA-1,8.92E-02,1.33E-01,8.03E-02,4.87E-02,3.99E-01,6.03E-02,1.19E-01,7.10E-02
ACAACAGCATGAGCTA-1,8.92E-02,1.40E-01,8.09E-02,5.05E-02,3.82E-01,6.44E-02,1.20E-01,7.25E-02
ACAACGGTCCCTGCGA-1,9.19E-02,1.33E-01,8.13E-02,5.06E-02,3.83E-01,6.27E-02,1.22E-01,7.58E-02
ACAAGCAGTGCCTAGC-1,9.36E-02,1.36E-01,8.26E-02,5.25E-02,3.68E-01,6.56E-02,1.24E-01,7.85E-02
ACAAGGAAATCCGCCC-1,9.03E-02,1.36E-01,8.08E-02,4.95E-02,3.88E-01,6.19E-02,1.20E-01,7.26E-02
ACAAGGACAAGAGGTT-1,8.97E-02,1.34E-01,8.17E-02,5.11E-02,3.87E-01,6.39E-02,1.20E-01,7.24E-02
ACAAGGATGCTTTAGG-1,9.25E-02,1.36E-01,8.21E-02,5.14E-02,3.75E-01,6.42E-02,1.23E-01,7.61E-02
ACAATAGTCGTACGTT-1,9.02E-02,1.46E-01,8.19E-02,5.07E-02,3.74E-01,6.45E-02,1.20E-01,7.24E-02
ACAATCCATTTAAACC-1,9.23E-02,1.33E-01,8.14E-02,5.07E-02,3.81E-01,6.29E-02,1.22E-01,7.63E-02
ACAATCGATCTTTATA-1,9.00E-02,1.31E-01,8.00E-02,4.89E-02,3.97E-01,6.06E-02,1.20E-01,7.26E-02
ACAATGAATACGGAGA-1,9.08E-02,1.32E-01,8.04E-02,4.92E-02,3.93E-01,6.07E-02,1.21E-01,7.35E-02
ACAATGATTCTTCTAC-1,8.92E-02,1.34E-01,8.07E-02,4.88E-02,3.98E-01,6.04E-02,1.18E-01,7.04E-02
ACAATTGTGTCTCTTT-1,8.93E-02,1.35E-01,8.02E-02,4.93E-02,3.93E-01,6.17E-02,1.20E-01,7.20E-02
ACAATTTGAGCAGTGG-1,9.16E-02,1.36E-01,8.46E-02,5.31E-02,3.76E-01,6.54E-02,1.20E-01,7.28E-02
ACACAAAGACGGGTGG-1,9.03E-02,1.32E-01,8.04E-02,4.93E-02,3.93E-01,6.11E-02,1.20E-01,7.31E-02
ACACACCAGGACCAGT-1,9.06E-02,1.33E-01,8.09E-02,4.97E-02,3.91E-01,6.15E-02,1.20E-01,7.33E-02
ACACACTTTCTACACG-1,9.02E-02,1.34E-01,8.03E-02,4.97E-02,3.89E-01,6.22E-02,1.21E-01,7.37E-02
ACACATGATCAAATCT-1,9.28E-02,1.34E-01,8.24E-02,5.15E-02,3.77E-01,6.37E-02,1.22E-01,7.62E-02
ACACATTTCCGTAGAC-1,9.09E-02,1.39E-01,8.16E-02,5.09E-02,3.79E-01,6.41E-02,1.21E-01,7.40E-02
ACACCACATAATTAGC-1,9.05E-02,1.35E-01,8.10E-02,4.99E-02,3.88E-01,6.22E-02,1.20E-01,7.32E-02
ACACCCAGCATGCAGC-1,9.14E-02,1.39E-01,8.25E-02,5.20E-02,3.74E-01,6.53E-02,1.22E-01,7.47E-02
ACACCCGAGAAATCCG-1,9.28E-02,1.34E-01,8.19E-02,5.14E-02,3.76E-01,6.39E-02,1.23E-01,7.70E-02
ACACCGGTCTGACCGC-1,9.16E-02,1.33E-01,8.13E-02,5.02E-02,3.86E-01,6.21E-02,1.21E-01,7.46E-02
ACACCTTAAGTAGGGC-1,7.51E-02,1.34E-01,7.11E-02,4.13E-02,4.61E-01,5.39E-02,1.07E-01,5.72E-02
ACACCTTACTACTTGC-1,8.82E-02,1.27E-01,7.80E-02,4.69E-02,4.12E-01,5.79E-02,1.19E-01,7.07E-02
ACACGAGACTCCTTCT-1,9.34E-02,1.36E-01,8.26E-02,5.21E-02,3.71E-01,6.47E-02,1.23E-01,7.76E-02
ACACGGCACTATGCAT-1,9.15E-02,1.33E-01,8.17E-02,5.01E-02,3.87E-01,6.18E-02,1.21E-01,7.37E-02
ACACGGGAACTTAGGG-1,9.23E-02,1.34E-01,8.16E-02,5.08E-02,3.80E-01,6.31E-02,1.22E-01,7.60E-02
ACACGTAGGCCACAAG-1,8.64E-02,1.24E-01,7.89E-02,4.69E-02,4.25E-01,5.65E-02,1.16E-01,6.68E-02
ACACTCCAATGTCACT-1,9.07E-02,1.37E-01,8.19E-02,5.06E-02,3.83E-01,6.31E-02,1.20E-01,7.31E-02
ACACTGGGACAGTCGT-1,9.15E-02,1.32E-01,8.07E-02,4.99E-02,3.87E-01,6.20E-02,1.22E-01,7.50E-02
ACAGAACTGAGAACAA-1,9.12E-02,1.38E-01,8.25E-02,5.14E-02,3.79E-01,6.40E-02,1.21E-01,7.37E-02
ACAGATTAGGTTAGTG-1,9.21E-02,1.35E-01,8.15E-02,5.07E-02,3.79E-01,6.33E-02,1.22E-01,7.58E-02
ACAGCATAGAGCCAGT-1,9.05E-02,1.36E-01,8.08E-02,4.98E-02,3.87E-01,6.23E-02,1.21E-01,7.35E-02
ACAGCGACATTCTCAT-1,9.18E-02,1.33E-01,8.15E-02,5.08E-02,3.82E-01,6.30E-02,1.22E-01,7.53E-02
ACAGCGCACCCGCAGC-1,9.22E-02,1.34E-01,8.17E-02,5.07E-02,3.81E-01,6.30E-02,1.22E-01,7.55E-02
ACAGGCACGGATCCTT-1,9.33E-02,1.35E-01,8.19E-02,5.14E-02,3.72E-01,6.42E-02,1.23E-01,7.77E-02
ACAGGCTTGCCCGACT-1,9.20E-02,1.33E-01,8.13E-02,5.05E-02,3.84E-01,6.26E-02,1.22E-01,7.56E-02
ACAGTAATACAACTTG-1,7.65E-02,1.37E-01,7.37E-02,4.42E-02,4.44E-01,5.80E-02,1.08E-01,5.87E-02
ACAGTATACCGTGGGA-1,8.90E-02,1.38E-01,8.11E-02,4.85E-02,3.97E-01,6.01E-02,1.18E-01,6.92E-02
ACATAATAAGGCGGTG-1,9.17E-02,1.34E-01,8.16E-02,5.07E-02,3.82E-01,6.32E-02,1.22E-01,7.51E-02
ACATCCCGGCCATACG-1,8.98E-02,1.35E-01,8.21E-02,4.98E-02,3.94E-01,6.11E-02,1.18E-01,7.03E-02
ACATCCTGGTAACTGT-1,9.13E-02,1.32E-01,8.07E-02,4.96E-02,3.89E-01,6.15E-02,1.22E-01,7.43E-02
ACATCGATCGTTTACC-1,9.34E-02,1.37E-01,8.26E-02,5.20E-02,3.69E-01,6.51E-02,1.24E-01,7.75E-02
ACATCGGTCAGCCGCG-1,9.39E-02,1.36E-01,8.28E-02,5.23E-02,3.68E-01,6.51E-02,1.24E-01,7.82E-02
ACATCGTTAACCTAGT-1,9.09E-02,1.31E-01,8.03E-02,4.91E-02,3.92E-01,6.09E-02,1.21E-01,7.38E-02
ACATCTCAACGCGTAA-1,8.86E-02,1.29E-01,7.89E-02,4.76E-02,4.07E-01,5.89E-02,1.19E-01,7.10E-02
ACATGGCGCCAAAGTA-1,8.91E-02,1.29E-01,7.90E-02,4.78E-02,4.05E-01,5.92E-02,1.20E-01,7.17E-02
ACATGGCTCAATTTAG-1,9.05E-02,1.32E-01,8.08E-02,4.97E-02,3.92E-01,6.15E-02,1.20E-01,7.34E-02
ACATTTGAAACCTAAC-1,9.04E-02,1.33E-01,8.02E-02,4.91E-02,3.93E-01,6.10E-02,1.21E-01,7.32E-02
ACCAAACACCCAGCGA-1,8.71E-02,1.30E-01,8.06E-02,4.66E-02,4.22E-01,5.59E-02,1.13E-01,6.47E-02
ACCAAACTAGAAATCC-1,9.06E-02,1.32E-01,8.02E-02,4.91E-02,3.93E-01,6.09E-02,1.21E-01,7.36E-02
ACCAACACCACACACT-1,8.70E-02,1.31E-01,7.95E-02,4.74E-02,4.14E-01,5.83E-02,1.16E-01,6.75E-02
ACCAACCGCACTCCAC-1,9.32E-02,1.35E-01,8.20E-02,5.12E-02,3.75E-01,6.37E-02,1.23E-01,7.72E-02
ACCAAGAACGCGTGTC-1,9.25E-02,1.34E-01,8.15E-02,5.06E-02,3.80E-01,6.28E-02,1.22E-01,7.62E-02
ACCAAGTCATCGGCAG-1,9.42E-02,1.35E-01,8.26E-02,5.21E-02,3.68E-01,6.48E-02,1.24E-01,7.90E-02
ACCAATATGCAAGTTA-1,9.12E-02,1.34E-01,8.11E-02,5.02E-02,3.85E-01,6.25E-02,1.21E-01,7.45E-02
ACCACAACTCAGAACA-1,9.04E-02,1.32E-01,7.98E-02,4.88E-02,3.94E-01,6.07E-02,1.21E-01,7.36E-02
ACCACAAGTTTCTATC-1,9.28E-02,1.35E-01,8.21E-02,5.12E-02,3.76E-01,6.36E-02,1.23E-01,7.64E-02
ACCACACGGTTGATGG-1,9.09E-02,1.35E-01,8.15E-02,5.06E-02,3.84E-01,6.30E-02,1.21E-01,7.38E-02
ACCACCAATGTAACAA-1,8.84E-02,1.28E-01,7.85E-02,4.72E-02,4.10E-01,5.83E-02,1.19E-01,7.06E-02
ACCACCCTCTCTTCTA-1,8.93E-02,1.40E-01,8.05E-02,4.82E-02,3.93E-01,6.04E-02,1.19E-01,7.00E-02
ACCACGTGCAGCTATA-1,9.16E-02,1.38E-01,8.20E-02,5.13E-02,3.76E-01,6.44E-02,1.22E-01,7.50E-02
ACCAGCCCGGTCTTTG-1,9.15E-02,1.34E-01,8.07E-02,4.99E-02,3.84E-01,6.23E-02,1.22E-01,7.50E-02
ACCAGGAGTGTGATCT-1,9.11E-02,1.33E-01,8.18E-02,5.08E-02,3.85E-01,6.31E-02,1.21E-01,7.40E-02
ACCAGTGCCCGGTCAA-1,9.29E-02,1.38E-01,8.34E-02,5.19E-02,3.72E-01,6.44E-02,1.22E-01,7.51E-02
ACCAGTGCGGGAGACG-1,8.58E-02,1.43E-01,8.00E-02,4.91E-02,3.96E-01,6.28E-02,1.16E-01,6.74E-02
ACCATATCCGCAATAA-1,9.35E-02,1.35E-01,8.23E-02,5.20E-02,3.71E-01,6.47E-02,1.24E-01,7.82E-02
ACCATCCGCCAACTAG-1,9.25E-02,1.39E-01,8.31E-02,5.26E-02,3.67E-01,6.61E-02,1.23E-01,7.63E-02
ACCATCGTATATGGTA-1,9.23E-02,1.35E-01,8.20E-02,5.13E-02,3.76E-01,6.41E-02,1.23E-01,7.60E-02
ACCCAACGCCCGTGGC-1,8.78E-02,1.35E-01,8.07E-02,4.97E-02,3.96E-01,6.22E-02,1.18E-01,6.97E-02
ACCCACCTACATGCTC-1,9.22E-02,1.45E-01,8.39E-02,5.36E-02,3.59E-01,6.82E-02,1.23E-01,7.53E-02
ACCCATCTTGAGGGTA-1,9.31E-02,1.34E-01,8.21E-02,5.14E-02,3.75E-01,6.37E-02,1.23E-01,7.72E-02
ACCCATTTGTCCCTCT-1,9.24E-02,1.33E-01,8.12E-02,5.05E-02,3.81E-01,6.29E-02,1.23E-01,7.64E-02
ACCCGAGCGAAATTAC-1,9.24E-02,1.35E-01,8.19E-02,5.08E-02,3.79E-01,6.31E-02,1.22E-01,7.56E-02
ACCCGATTGGTTCCGA-1,9.05E-02,1.31E-01,8.02E-02,4.88E-02,3.96E-01,6.02E-02,1.20E-01,7.31E-02
ACCCGGAAACTCCCAG-1,9.17E-02,1.34E-01,8.16E-02,5.07E-02,3.82E-01,6.31E-02,1.22E-01,7.50E-02
ACCCGGATGACGCATC-1,9.05E-02,1.31E-01,8.00E-02,4.89E-02,3.94E-01,6.06E-02,1.21E-01,7.36E-02
ACCCGGTTACACTTCC-1,9.40E-02,1.36E-01,8.25E-02,5.21E-02,3.68E-01,6.49E-02,1.24E-01,7.87E-02
ACCCGTAGTCTAGTTG-1,9.09E-02,1.31E-01,8.02E-02,4.93E-02,3.93E-01,6.09E-02,1.21E-01,7.42E-02
ACCCGTGTCATCAGTA-1,8.85E-02,1.38E-01,8.10E-02,5.01E-02,3.89E-01,6.32E-02,1.19E-01,7.10E-02
ACCCTATAGGACTGAG-1,8.38E-02,1.26E-01,7.68E-02,4.52E-02,4.35E-01,5.57E-02,1.14E-01,6.45E-02
ACCCTCCCGTCAGGGC-1,9.41E-02,1.36E-01,8.26E-02,5.21E-02,3.68E-01,6.49E-02,1.24E-01,7.88E-02
ACCCTCCCTTGCTATT-1,8.38E-02,1.32E-01,7.76E-02,4.61E-02,4.25E-01,5.77E-02,1.14E-01,6.41E-02
ACCCTGGTAACGCCCT-1,8.85E-02,1.40E-01,8.07E-02,4.81E-02,3.96E-01,6.02E-02,1.18E-01,6.85E-02
ACCCTTCATCTGCGAA-1,9.06E-02,1.35E-01,8.09E-02,4.99E-02,3.88E-01,6.22E-02,1.20E-01,7.34E-02
ACCCTTTAGTTCTCCA-1,9.01E-02,1.31E-01,7.97E-02,4.86E-02,3.97E-01,6.03E-02,1.21E-01,7.30E-02
ACCGAAAGGGCCCTGC-1,9.23E-02,1.35E-01,8.17E-02,5.09E-02,3.78E-01,6.36E-02,1.22E-01,7.60E-02
ACCGAAGAGTCTGGTT-1,8.89E-02,1.35E-01,8.14E-02,4.94E-02,3.97E-01,6.10E-02,1.18E-01,6.98E-02
ACCGACACATCTCCCA-1,9.16E-02,1.35E-01,8.18E-02,5.07E-02,3.81E-01,6.31E-02,1.21E-01,7.48E-02
ACCGACTGAGTCCCAC-1,9.36E-02,1.35E-01,8.29E-02,5.20E-02,3.72E-01,6.43E-02,1.23E-01,7.73E-02
ACCGAGTCTCCTTATT-1,9.32E-02,1.35E-01,8.21E-02,5.13E-02,3.75E-01,6.38E-02,1.23E-01,7.72E-02
ACCGATAGGCATAACC-1,8.97E-02,1.33E-01,7.99E-02,4.87E-02,3.95E-01,6.08E-02,1.20E-01,7.22E-02
ACCGATATTTAATCAT-1,8.87E-02,1.38E-01,8.11E-02,5.01E-02,3.90E-01,6.29E-02,1.19E-01,7.09E-02
ACCGATGGTAGCATCG-1,9.21E-02,1.36E-01,8.22E-02,5.14E-02,3.77E-01,6.40E-02,1.22E-01,7.56E-02
ACCGCAATAACTGCCT-1,8.99E-02,1.36E-01,8.14E-02,5.05E-02,3.87E-01,6.32E-02,1.20E-01,7.25E-02
ACCGCGGTGGAAGTCG-1,9.00E-02,1.30E-01,7.95E-02,4.84E-02,3.98E-01,6.00E-02,1.21E-01,7.31E-02
ACCGGGCCTTTGTTGA-1,8.90E-02,1.31E-01,7.94E-02,4.82E-02,4.01E-01,5.99E-02,1.20E-01,7.13E-02
ACCGGTCAGGTACACC-1,9.24E-02,1.34E-01,8.18E-02,5.09E-02,3.80E-01,6.31E-02,1.22E-01,7.57E-02
ACCGTGACCACGTGGG-1,9.13E-02,1.34E-01,8.10E-02,4.98E-02,3.88E-01,6.17E-02,1.21E-01,7.42E-02
ACCGTTCCCGCTCTGA-1,9.05E-02,1.32E-01,8.01E-02,4.90E-02,3.93E-01,6.09E-02,1.21E-01,7.35E-02
ACCTAAGTACCTTTCA-1,9.15E-02,1.39E-01,8.21E-02,5.12E-02,3.76E-01,6.44E-02,1.22E-01,7.44E-02
ACCTAATCGACTTCCT-1,9.41E-02,1.37E-01,8.26E-02,5.25E-02,3.64E-01,6.58E-02,1.25E-01,7.92E-02
ACCTACAGTATGTGGT-1,9.12E-02,1.32E-01,8.03E-02,4.93E-02,3.90E-01,6.13E-02,1.22E-01,7.46E-02
ACCTACTATAAATCTA-1,9.38E-02,1.38E-01,8.34E-02,5.27E-02,3.66E-01,6.57E-02,1.23E-01,7.75E-02
ACCTCCGCCCTCGCTG-1,8.99E-02,1.31E-01,7.97E-02,4.87E-02,3.96E-01,6.06E-02,1.21E-01,7.28E-02
ACCTCCGTTATTCACC-1,9.30E-02,1.33E-01,8.16E-02,5.09E-02,3.78E-01,6.32E-02,1.23E-01,7.71E-02
ACCTCGAACTTATGCT-1,9.24E-02,1.34E-01,8.17E-02,5.08E-02,3.80E-01,6.31E-02,1.22E-01,7.59E-02
ACCTGCGTGTCATGTT-1,8.76E-02,1.36E-01,8.04E-02,4.94E-02,3.98E-01,6.18E-02,1.18E-01,6.97E-02
ACCTTTCCTTTAGAAG-1,9.17E-02,1.33E-01,8.09E-02,5.00E-02,3.85E-01,6.23E-02,1.22E-01,7.54E-02
ACGAAATGGGCGGCAC-1,9.24E-02,1.35E-01,8.22E-02,5.15E-02,3.76E-01,6.41E-02,1.22E-01,7.61E-02
ACGACTCTAGGGCCGA-1,9.01E-02,1.35E-01,8.07E-02,4.95E-02,3.90E-01,6.18E-02,1.20E-01,7.26E-02
ACGACTGGTCATACTC-1,9.07E-02,1.34E-01,8.16E-02,4.94E-02,3.93E-01,6.06E-02,1.19E-01,7.18E-02
ACGAGAACCCATCACG-1,9.00E-02,1.31E-01,8.01E-02,4.91E-02,3.96E-01,6.09E-02,1.20E-01,7.30E-02
ACGAGATATTTGCTTA-1,9.23E-02,1.35E-01,8.14E-02,5.05E-02,3.80E-01,6.30E-02,1.23E-01,7.59E-02
ACGAGGATACCACTCT-1,9.01E-02,1.36E-01,8.18E-02,5.08E-02,3.86E-01,6.33E-02,1.20E-01,7.27E-02
ACGAGGTTTACAACGT-1,9.10E-02,1.33E-01,8.13E-02,5.02E-02,3.88E-01,6.21E-02,1.21E-01,7.38E-02
ACGAGTACGGATGCCC-1,8.87E-02,1.38E-01,8.05E-02,4.96E-02,3.91E-01,6.25E-02,1.19E-01,7.12E-02
ACGATACATAGAACTA-1,7.13E-02,1.30E-01,6.88E-02,3.89E-02,4.85E-01,5.09E-02,1.02E-01,5.24E-02
ACGATCATACATAGAG-1,9.06E-02,1.35E-01,8.07E-02,4.94E-02,3.89E-01,6.17E-02,1.21E-01,7.32E-02
ACGATCATCTTGTAAA-1,8.84E-02,1.27E-01,7.85E-02,4.72E-02,4.11E-01,5.81E-02,1.19E-01,7.08E-02
ACGATGCATATGTTAT-1,9.25E-02,1.35E-01,8.21E-02,5.16E-02,3.75E-01,6.44E-02,1.23E-01,7.65E-02
ACGATGGATCCGATGC-1,9.21E-02,1.34E-01,8.18E-02,5.05E-02,3.82E-01,6.26E-02,1.22E-01,7.49E-02
ACGCAAACTAATAGAT-1,9.28E-02,1.32E-01,8.45E-02,5.26E-02,3.81E-01,6.32E-02,1.20E-01,7.41E-02
ACGCAATCACTACAGC-1,8.95E-02,1.33E-01,8.18E-02,4.92E-02,4.01E-01,5.98E-02,1.17E-01,6.94E-02
ACGCATAAATGACATG-1,9.00E-02,1.33E-01,8.00E-02,4.89E-02,3.94E-01,6.11E-02,1.21E-01,7.26E-02
ACGCATACGTTTACTA-1,9.11E-02,1.37E-01,8.15E-02,5.08E-02,3.80E-01,6.38E-02,1.21E-01,7.46E-02
ACGCATTCGTGAGTAC-1,9.16E-02,1.34E-01,8.12E-02,5.04E-02,3.83E-01,6.28E-02,1.22E-01,7.51E-02
ACGCCACTCGAAACAG-1,9.25E-02,1.34E-01,8.18E-02,5.09E-02,3.79E-01,6.32E-02,1.22E-01,7.59E-02
ACGCCAGATGATTTCT-1,9.05E-02,1.34E-01,8.24E-02,4.98E-02,3.94E-01,6.08E-02,1.18E-01,7.05E-02
ACGCCAGTGCGTTTGC-1,9.15E-02,1.32E-01,8.06E-02,4.98E-02,3.87E-01,6.18E-02,1.22E-01,7.53E-02
ACGCCCAGCTGTCGAT-1,9.20E-02,1.36E-01,8.11E-02,5.02E-02,3.80E-01,6.29E-02,1.22E-01,7.57E-02
ACGCCGCTAGACGACC-1,9.13E-02,1.36E-01,8.20E-02,5.11E-02,3.80E-01,6.38E-02,1.21E-01,7.44E-02
ACGCGCTACACAGGGT-1,9.31E-02,1.35E-01,8.25E-02,5.18E-02,3.74E-01,6.43E-02,1.23E-01,7.69E-02
ACGCGGGCCAAGGACA-1,9.26E-02,1.34E-01,8.15E-02,5.10E-02,3.77E-01,6.35E-02,1.23E-01,7.67E-02
ACGCTAGTGATACACT-1,9.02E-02,1.36E-01,8.11E-02,5.01E-02,3.87E-01,6.27E-02,1.20E-01,7.28E-02
ACGCTGTGAGGCGTAG-1,9.31E-02,1.43E-01,8.34E-02,5.27E-02,3.61E-01,6.65E-02,1.23E-01,7.64E-02
ACGCTTAGTGTCTCTC-1,8.75E-02,1.27E-01,7.87E-02,4.71E-02,4.15E-01,5.78E-02,1.18E-01,6.87E-02
ACGGAACACGAGTGCC-1,9.08E-02,1.33E-01,8.10E-02,4.99E-02,3.88E-01,6.20E-02,1.21E-01,7.37E-02
ACGGAATTTAGCAAAT-1,9.08E-02,1.30E-01,7.99E-02,4.90E-02,3.94E-01,6.07E-02,1.21E-01,7.45E-02
ACGGACTCTCAAAGCG-1,9.12E-02,1.36E-01,8.16E-02,5.06E-02,3.82E-01,6.31E-02,1.21E-01,7.43E-02
ACGGAGCGCAAATTAC-1,8.76E-02,1.32E-01,7.99E-02,4.75E-02,4.10E-01,5.84E-02,1.16E-01,6.78E-02
ACGGATGGTGCGGATA-1,9.20E-02,1.38E-01,8.24E-02,5.17E-02,3.74E-01,6.48E-02,1.22E-01,7.54E-02
ACGGCGACGATGGGAA-1,9.12E-02,1.37E-01,8.20E-02,5.10E-02,3.79E-01,6.38E-02,1.21E-01,7.41E-02
ACGGCGGGTTGCCCTG-1,9.12E-02,1.32E-01,8.11E-02,5.01E-02,3.88E-01,6.21E-02,1.21E-01,7.45E-02
ACGGCTGGATGTAGAA-1,9.24E-02,1.36E-01,8.21E-02,5.10E-02,3.78E-01,6.34E-02,1.22E-01,7.54E-02
ACGGGAGTGTCGGCCC-1,9.26E-02,1.42E-01,8.31E-02,5.30E-02,3.62E-01,6.72E-02,1.23E-01,7.70E-02
ACGGGCGTATGCGACA-1,9.16E-02,1.41E-01,8.25E-02,5.09E-02,3.77E-01,6.36E-02,1.21E-01,7.35E-02
ACGGTACAGTTCAATG-1,9.19E-02,1.33E-01,8.09E-02,5.01E-02,3.84E-01,6.23E-02,1.22E-01,7.56E-02
ACGGTCACCGAGAACA-1,9.05E-02,1.37E-01,8.04E-02,4.90E-02,3.88E-01,6.14E-02,1.20E-01,7.29E-02
ACGTACAGATTTCTCT-1,9.09E-02,1.35E-01,8.14E-02,5.05E-02,3.85E-01,6.29E-02,1.21E-01,7.39E-02
ACGTACTTTGGCACGG-1,9.05E-02,1.31E-01,8.06E-02,4.92E-02,3.95E-01,6.06E-02,1.20E-01,7.30E-02
ACGTAGATTGCTGATG-1,9.31E-02,1.35E-01,8.21E-02,5.14E-02,3.74E-01,6.40E-02,1.23E-01,7.71E-02
ACGTAGGAGAGTCGCT-1,9.27E-02,1.36E-01,8.21E-02,5.14E-02,3.75E-01,6.41E-02,1.23E-01,7.64E-02
ACGTATTACTCCGATC-1,8.93E-02,1.31E-01,7.94E-02,4.81E-02,4.01E-01,5.96E-02,1.20E-01,7.17E-02
ACGTCCTAAACGAGAT-1,9.08E-02,1.33E-01,8.05E-02,4.96E-02,3.89E-01,6.18E-02,1.21E-01,7.40E-02
ACGTGCGCCTCGTGCA-1,9.30E-02,1.35E-01,8.21E-02,5.12E-02,3.76E-01,6.37E-02,1.23E-01,7.66E-02
ACGTTAATGTCGAAGA-1,9.20E-02,1.35E-01,8.20E-02,5.12E-02,3.78E-01,6.38E-02,1.22E-01,7.55E-02
ACGTTAGATTTGCCCG-1,9.38E-02,1.37E-01,8.30E-02,5.27E-02,3.65E-01,6.59E-02,1.24E-01,7.84E-02
ACGTTATTGGTCACTC-1,9.04E-02,1.33E-01,8.11E-02,4.99E-02,3.91E-01,6.18E-02,1.20E-01,7.30E-02
ACGTTCCGCGCTCCGT-1,8.63E-02,1.38E-01,7.88E-02,4.83E-02,4.00E-01,6.17E-02,1.17E-01,6.92E-02
ACGTTCGCAATCAATT-1,9.31E-02,1.33E-01,8.17E-02,5.09E-02,3.78E-01,6.32E-02,1.23E-01,7.71E-02
ACGTTCGTTCAGGAAA-1,9.13E-02,1.33E-01,8.12E-02,4.99E-02,3.88E-01,6.17E-02,1.21E-01,7.40E-02
ACGTTCTGTACAAGTC-1,9.37E-02,1.39E-01,8.33E-02,5.23E-02,3.67E-01,6.52E-02,1.23E-01,7.69E-02
ACGTTTAGTTGTGATC-1,9.06E-02,1.38E-01,8.17E-02,5.12E-02,3.79E-01,6.45E-02,1.21E-01,7.40E-02
ACTAATACGTCAGGCG-1,8.97E-02,1.32E-01,8.10E-02,4.93E-02,3.98E-01,6.03E-02,1.18E-01,7.16E-02
ACTACAAAGAGAGGTG-1,9.25E-02,1.36E-01,8.19E-02,5.08E-02,3.78E-01,6.31E-02,1.22E-01,7.58E-02
ACTACATCCCGACAAG-1,9.10E-02,1.34E-01,8.11E-02,5.00E-02,3.87E-01,6.21E-02,1.21E-01,7.38E-02
ACTACCAGCTCTCTGG-1,9.06E-02,1.32E-01,8.07E-02,4.97E-02,3.92E-01,6.14E-02,1.21E-01,7.34E-02
ACTACGCGTTAGAATT-1,9.05E-02,1.32E-01,8.09E-02,4.98E-02,3.91E-01,6.17E-02,1.21E-01,7.32E-02
ACTAGTTGCGATCGTC-1,8.61E-02,1.41E-01,8.03E-02,4.97E-02,3.95E-01,6.33E-02,1.17E-01,6.81E-02
ACTATATGCTGTGTTC-1,8.54E-02,1.32E-01,7.95E-02,4.68E-02,4.20E-01,5.76E-02,1.14E-01,6.48E-02
ACTATCCAGGGCATGG-1,8.94E-02,1.29E-01,7.93E-02,4.81E-02,4.02E-01,5.95E-02,1.20E-01,7.21E-02
ACTATCTGCCCGCGTA-1,8.72E-02,1.39E-01,8.02E-02,4.88E-02,3.98E-01,6.15E-02,1.17E-01,6.85E-02
ACTATGTCCAGCTGCC-1,9.22E-02,1.34E-01,8.18E-02,5.09E-02,3.81E-01,6.30E-02,1.22E-01,7.55E-02
ACTATTCGTCCGTGGT-1,9.13E-02,1.37E-01,8.16E-02,5.06E-02,3.80E-01,6.33E-02,1.21E-01,7.43E-02
ACTATTTCCGGGCCCA-1,9.16E-02,1.35E-01,8.17E-02,5.05E-02,3.83E-01,6.26E-02,1.21E-01,7.43E-02
ACTCAACGAATGTATT-1,8.91E-02,1.31E-01,7.97E-02,4.85E-02,4.01E-01,6.01E-02,1.19E-01,7.14E-02
ACTCAAGTGCAAGGCT-1,9.17E-02,1.35E-01,8.17E-02,5.08E-02,3.81E-01,6.33E-02,1.22E-01,7.49E-02
ACTCAATAAAGGCACG-1,9.20E-02,1.34E-01,8.19E-02,5.09E-02,3.81E-01,6.32E-02,1.22E-01,7.52E-02
ACTCAGACCTGCTTCT-1,9.49E-02,1.36E-01,8.27E-02,5.26E-02,3.63E-01,6.55E-02,1.25E-01,8.05E-02
ACTCATGGCAGCCTTC-1,9.24E-02,1.34E-01,8.17E-02,5.07E-02,3.80E-01,6.29E-02,1.22E-01,7.57E-02
ACTCCAATATCATCAT-1,9.17E-02,1.35E-01,8.14E-02,4.99E-02,3.85E-01,6.19E-02,1.21E-01,7.43E-02
ACTCCCATTCCTAAAG-1,8.53E-02,1.37E-01,7.91E-02,4.82E-02,4.07E-01,6.09E-02,1.16E-01,6.72E-02
ACTCCCGAATTCGTTT-1,9.21E-02,1.39E-01,8.23E-02,5.12E-02,3.75E-01,6.40E-02,1.22E-01,7.49E-02
ACTCCCGTAGACTAGG-1,9.03E-02,1.37E-01,8.12E-02,4.94E-02,3.90E-01,6.14E-02,1.19E-01,7.19E-02
ACTCCCTAATGCTAAA-1,9.18E-02,1.36E-01,8.15E-02,5.06E-02,3.80E-01,6.32E-02,1.22E-01,7.51E-02
ACTCCGGCCGACCACT-1,9.17E-02,1.36E-01,8.21E-02,5.05E-02,3.83E-01,6.25E-02,1.21E-01,7.37E-02
ACTCGCCGTTCGATAA-1,9.26E-02,1.33E-01,8.17E-02,5.08E-02,3.80E-01,6.28E-02,1.22E-01,7.62E-02
ACTCGTAACCCGTCCT-1,8.89E-02,1.38E-01,8.08E-02,4.97E-02,3.90E-01,6.25E-02,1.19E-01,7.13E-02
ACTCGTCAGTAATCCC-1,9.23E-02,1.35E-01,8.21E-02,5.16E-02,3.76E-01,6.44E-02,1.23E-01,7.61E-02
ACTCTCTGACTTAGGT-1,8.88E-02,1.32E-01,7.96E-02,4.80E-02,4.03E-01,5.95E-02,1.18E-01,7.06E-02
ACTCTCTTATACACGA-1,9.16E-02,1.34E-01,8.14E-02,5.04E-02,3.83E-01,6.26E-02,1.22E-01,7.47E-02
ACTCTGACCTAATAGA-1,9.36E-02,1.35E-01,8.23E-02,5.16E-02,3.72E-01,6.42E-02,1.23E-01,7.76E-02
ACTCTTGTATAGTAAC-1,9.33E-02,1.37E-01,8.25E-02,5.21E-02,3.69E-01,6.51E-02,1.23E-01,7.78E-02
ACTGAAACGCCGTTAG-1,9.42E-02,1.35E-01,8.27E-02,5.21E-02,3.68E-01,6.47E-02,1.24E-01,7.86E-02
ACTGAATGGCGAAAGT-1,8.77E-02,1.45E-01,8.08E-02,5.05E-02,3.82E-01,6.51E-02,1.19E-01,7.02E-02
ACTGATTTAGTGATTC-1,8.95E-02,1.31E-01,8.01E-02,4.89E-02,3.98E-01,6.06E-02,1.20E-01,7.19E-02
ACTGCCCGCCATTCTC-1,9.06E-02,1.33E-01,8.03E-02,4.90E-02,3.93E-01,6.08E-02,1.20E-01,7.33E-02
ACTGCCGTCGTAACTC-1,9.00E-02,1.35E-01,8.08E-02,4.97E-02,3.90E-01,6.20E-02,1.20E-01,7.26E-02
ACTGCGGACACACCGT-1,8.99E-02,1.29E-01,7.95E-02,4.83E-02,4.00E-01,5.97E-02,1.20E-01,7.28E-02
ACTGGGATGCCAGTGC-1,9.15E-02,1.36E-01,8.12E-02,5.01E-02,3.84E-01,6.24E-02,1.21E-01,7.44E-02
ACTGTACGATACACAT-1,9.17E-02,1.32E-01,8.11E-02,5.02E-02,3.86E-01,6.20E-02,1.22E-01,7.50E-02
ACTGTAGCACTTTGGA-1,9.31E-02,1.36E-01,8.28E-02,5.23E-02,3.71E-01,6.51E-02,1.23E-01,7.70E-02
ACTGTATACGCGAGCA-1,9.18E-02,1.32E-01,8.10E-02,5.01E-02,3.86E-01,6.20E-02,1.22E-01,7.57E-02
ACTGTCCAGGATTATA-1,9.11E-02,1.33E-01,8.09E-02,5.01E-02,3.87E-01,6.24E-02,1.21E-01,7.46E-02
ACTGTCTTCTTTAGAA-1,9.25E-02,1.38E-01,8.20E-02,5.10E-02,3.75E-01,6.38E-02,1.22E-01,7.58E-02
ACTGTGCTAGTAGATC-1,9.18E-02,1.31E-01,8.12E-02,5.02E-02,3.87E-01,6.18E-02,1.21E-01,7.54E-02
ACTGTTTAGTGTAGGC-1,9.18E-02,1.34E-01,8.13E-02,5.06E-02,3.82E-01,6.30E-02,1.22E-01,7.54E-02
ACTTACCGGGCGCGCA-1,8.86E-02,1.32E-01,8.16E-02,4.87E-02,4.05E-01,5.91E-02,1.16E-01,6.81E-02
ACTTACGCATCCACGC-1,9.31E-02,1.39E-01,8.32E-02,5.26E-02,3.67E-01,6.58E-02,1.23E-01,7.69E-02
