,T-cells,CAFs,Normal Epithelial,Endothelial,PVL,Cancer Epithelial,Myeloid,B-cells
AAACAAGTATCTCCCA-1,0.07630596742685893,0.21145913311924205,0.0002255550653770727,0.10965165368986651,0.09264832695589488,0.00010624446105901507,0.27608446377092194,0.23351865551077963
AAACACCAATAACTGC-1,0.15572416112918608,0.08527241129609209,0.1442374396767384,0.1722099673976797,0.1281174322286149,0.17180960099438455,0.055340822727706906,0.08728816454959738
AAACAGAGCGACTCCT-1,0.002848745297215625,0.08820742339514773,0.004919585438787117,0.13419673488435122,0.12825393814707897,0.005326255172242448,0.04734955165946301,0.5888977660057139
AAACAGGGTCTATATT-1,0.0843040487585072,0.07950274802691178,6.99534642448554e-05,0.06021717344160825,0.003105037991174348,0.00019089481409403808,0.17413752508470354,0.598472618418756
AAACAGTGTTCCTGGG-1,0.12387932510914808,0.2149166319704889,0.1517005139660274,0.19988075997256236,0.10190379928287935,0.12049103747562558,0.0767337408648126,0.010494191358455703
AAACATTTCCCGGATT-1,0.14801110201612822,0.0686147740223985,0.13769112218194873,0.11616580584053687,0.14436056127878572,0.2136273400013924,0.11626968144589049,0.05525961321291906
AAACCCGAACGAAATC-1,0.07080359153054415,0.18871250215127808,0.0014784287030951673,0.13011351041047087,0.1395274812983438,0.00018180393191900523,0.2650336709842222,0.20414901099012672
AAACCGGGTAGGTACC-1,0.1552390168249094,0.09517166061077897,0.12550496296333288,0.09340582992128592,0.08451542770753549,0.2695591385931144,0.11603203048374627,0.06057193289529662
AAACCTAAGCAGCCGG-1,0.12762566572336653,0.1484524843778777,0.1928123195045223,0.13181574929559728,0.18980354556749943,0.1119113913106535,0.07785801531976227,0.019720828900720966
AAACCTCATGAAGTTG-1,0.09552240431091069,0.25173859398179294,0.05315556515286661,0.12293995320248881,0.04948195789925561,0.07893444494014383,0.23962903829327709,0.10859804221926445
AAACGAAGAACATACC-1,0.17020308445040044,0.07466587736110601,0.1723367180041735,0.06681720643104132,0.10521043042537546,0.24732264898923592,0.06219968394686737,0.10124435039179996
AAACGAGACGGTTGAT-1,0.13109077843484315,0.16872966636946335,0.14330242559831324,0.06707874337436572,0.11484224881607555,0.08576546765302227,0.1781505532967282,0.11104011645718855
AAACGCCCGAGATCGG-1,0.10262687863798287,0.0858128734244236,0.1179996752187941,0.17420665718299547,0.18705951180073943,0.00717662262988027,0.10203971425972434,0.2230780668454599
AAACGGGCGTACGGGT-1,0.1401998101489811,0.06898250477919686,0.16991138605708153,0.06560033596392263,0.15698760606713794,0.22407603505285972,0.11711183241136197,0.05713048951945821
AAACGGTTGCGAACTG-1,0.09549425019796122,0.1766442447085818,0.06999064247787631,0.09223437088934919,0.10898086949169732,0.070457978340663,0.2930396002968705,0.09315804359700064
AAACGTGTTCGCCCTA-1,0.0063895373512778365,0.08211090049807061,0.00941097351389688,0.27057810565322354,0.2693542683695605,0.010415753968055256,0.010502081319697069,0.3412383793262183
AAACTAACGTGGCGAC-1,0.0077573770097165455,0.10296967011203138,0.0016763425876675127,0.174558216103433,0.08120367836923248,0.002793243061802239,0.0010175234956582714,0.6280239492604586
AAACTCGGTTCGCAAT-1,0.1516665962336519,0.1020665601610935,0.18978195566849837,0.099687900950113,0.13302480280729467,0.21308355911370153,0.05366734377340572,0.05702128129224131
AAACTCGTGATATAAG-1,0.0398851177213514,0.29721676062704877,0.09059705332188096,0.2114853239164349,0.1538616552794653,0.0028719883494657842,0.019088845325380046,0.18499325545897283
AAACTGCTGGCTCCAA-1,0.1260839620686489,0.14740716596069323,0.02511225131305981,0.08392898047782076,0.2588838915436635,0.07974349435033772,0.08724950830985442,0.19159074597592168
AAACTTAATTGCACGC-1,0.17066227582604604,0.15875145742653957,0.22637128613336074,0.09151465201925986,0.05875898859101848,0.20621033303984154,0.06203424681381673,0.025696760150117036
AAACTTGCAAACGTAT-1,0.07261924328387734,0.09542980662273658,0.055455378783973795,0.24359532410825344,0.1142949238761788,0.06794487466066834,0.14168816535459286,0.20897228330971887
AAAGAATGTGGACTAA-1,0.16240325522152094,0.10528694804993659,0.2298888406707217,0.08675098811907166,0.09965660173657259,0.18806209999299872,0.0689834586978706,0.05896780751130718
AAAGACCCAAGTCGCG-1,0.16290218181571278,0.05055979404283143,0.10995253729548791,0.07304855929307177,0.24228567248638427,0.2126293239338523,0.010121066950207988,0.13850086418245153
AAAGACTGGGCGCTTT-1,0.10071546730345322,0.10336116575231136,0.04415164057459149,0.11755723424279493,0.22599534703317675,0.09395370053509652,0.13788206562217295,0.17638337893640277
AAAGCTTGCCTACATA-1,0.04489189962986473,0.31463433163053545,0.009804871710587141,0.12064952341383771,0.18852678945091125,0.003251253901027609,0.014956565299739434,0.3032847649634967
AAAGGCCCTATAATAC-1,0.14878475570733013,0.12531011737447822,0.14291518588490315,0.09790646846283903,0.11387581459092361,0.2194672815672423,0.07973014282759708,0.07201023358468651
AAAGGCTACGGACCAT-1,0.14919886853127287,0.20566521934038298,0.03812148440957382,0.13453137246551167,0.13658519939695632,0.06462456627230657,0.2643442785845803,0.006929010999415454
AAAGGCTCTCGCGCCG-1,0.07424317287256108,0.18151644987390095,0.0002540063379187043,0.0678998004427648,0.05613832942592756,0.0009289591440142625,0.31465042843706503,0.30436885346584763
AAAGGGATGTAGCAAG-1,0.14273711868293484,0.11791504987284179,0.0813755486219527,0.1624671452319953,0.08418719791813829,0.08327502662336697,0.19624901637922584,0.13179389666954425
AAAGGGCAGCTTGAAT-1,0.05770554210040855,0.2521729841253666,0.0007139607768681257,0.09389792819418764,0.04591593476365571,0.0013714175390116769,0.36339165480569663,0.18483057769480507
AAAGGTAAGCTGTACC-1,0.022849923780965852,0.1491759306275168,0.009578174849630021,0.08700427627712691,0.34833652073775595,0.005720703028015426,0.11662107626610786,0.26071339443288116
AAAGTAGCATTGCTCA-1,0.03740329660924075,0.16042313658437207,0.0006799399913297164,0.18428971278636153,0.08742457874871082,0.0002813536457867526,0.38422850540400116,0.14526947623019718
AAAGTCACTGATGTAA-1,0.15585912282997497,0.11435065181525914,0.14488263564381965,0.07701412068342274,0.08839766901184384,0.10617866845511557,0.19344278445862437,0.1198743471019397
AAAGTCGACCCTCAGT-1,0.1621314650526829,0.3771221797653949,0.008300525437274367,0.12929320134739242,0.09580094172403202,0.012731700525486727,0.17176278812843312,0.04285719801930356
AAAGTGTGATTTATCT-1,0.0645121393256794,0.15054552291302395,0.018374845338048843,0.08769090709050845,0.11384277013402304,0.00010495560002964832,0.04920320697818705,0.5157256526204996
AAAGTTGACTCCCGTA-1,0.09750562805403286,0.15767406706676965,0.3497413050298337,0.07487773286480005,0.10252528107166431,0.017734811012413185,0.051478341496401146,0.14846283340408514
AAATAACCATACGGGA-1,0.05906698954292611,0.1303693346567662,0.07822098668557412,0.2855465120569464,0.2058095032017478,0.007045128438107401,0.1061744954689167,0.12776704994901525
AAATAAGGTAGTGCCC-1,0.09098294647783821,0.1489451768341141,0.14908550046266172,0.18841491497626808,0.10114325691857619,0.03459555907773011,0.16928103255494517,0.1175516126978664
AAATACCTATAAGCAT-1,0.05278741050975842,0.2245469746650159,0.05678903038059726,0.1517633388824638,0.1328750057531531,0.0006005985445975073,0.1382508007676836,0.2423868404967304
AAATAGCTTAGACTTT-1,0.16391581989140397,0.059659279618424294,0.2449779068170522,0.08930418596402019,0.11901411163866021,0.21328152102198575,0.05256105682933265,0.05728611821912073
AAATAGGGTGCTATTG-1,0.12623409186529405,0.10604194305099669,0.10892972936894056,0.07059113924910095,0.1361600307587566,0.05026552229263934,0.3261931550939774,0.07558438832029442
AAATCCGATACACGCC-1,0.11666351915213836,0.1284964576615613,0.1094218643754321,0.0799757621879992,0.17596899569480856,0.1325823293464036,0.18049927926987647,0.0763917923117804
AAATCGTGTACCACAA-1,0.15789645190900328,0.11346716957963339,0.13459456785325466,0.14217533251980785,0.07373660259957386,0.21110861868223885,0.10067629765955809,0.06634495919693001
AAATCTAGCCCTGCTA-1,0.1123215852285772,0.09522643114454593,0.17873270726387153,0.07925930242517093,0.08951763980654352,0.09468539845711493,0.27470081955602493,0.07555611611815102
AAATGATTCGATCAGC-1,0.06858833155346336,0.2188866249980569,0.0156427293501292,0.20737385189483365,0.2318209088324927,0.01764036815450334,0.02896053415281278,0.21108665106370808
AAATGCTCGTTACGTT-1,0.15752041635313874,0.09192366097043925,0.09664108333254112,0.1773213975638592,0.08514038492620765,0.1651721459612206,0.0979890051815852,0.12829190571100826
AAATGGCATGTCTTGT-1,0.11155129791368058,0.16084927454050651,0.034645653463612265,0.08984255186686337,0.09715438095296229,0.008513014466385495,0.2612533147180967,0.23619051207789277
AAATGGCCCGTGCCCT-1,0.08018151628561129,0.08132918850138568,0.012927141686508147,0.08173489336371706,0.1102231168073952,0.16226179442051317,0.16156814623356713,0.30977420270130235
AAATGGTCAATGTGCC-1,0.17544583150374785,0.10955293350069063,0.10025909473648383,0.0879240675648228,0.1019300928388196,0.21394318241188828,0.10177700019699863,0.10916779724654838
AAATGTGGGTGCTCCT-1,0.1438016103867718,0.07968991038975771,0.24508678623719818,0.10030187536706628,0.09405572093825877,0.13009389787496264,0.007401227643002706,0.1995689711629819
AAATTAACGGGTAGCT-1,0.12079526980450184,0.11038255059267653,0.07023123466083678,0.16218182638517842,0.10720510832468921,0.13326817849043457,0.12933573501166323,0.16660009673001944
AAATTACACGACTCTG-1,0.04220200094353236,0.183285899680077,0.008877211738773743,0.36338895623078105,0.10430121334046294,0.0020509157757417577,0.18495616333330586,0.11093763895732528
AAATTACCTATCGATG-1,0.11575666134267394,0.20107701885507095,0.05752360979315535,0.10080694322198289,0.1713740657735139,0.0024779280587020323,0.1274275150129752,0.2235562579419257
AAATTCCAGGTCCAAA-1,0.18785673268348999,0.08047410897340808,0.1962604901667188,0.10285694956823756,0.10530284863035903,0.23941092188357152,0.005606713002184356,0.0822312350920307
AAATTGATAGTCCTTT-1,0.1669772751646106,0.14886691462302884,0.20474218443938463,0.12275127555259828,0.1015720392381442,0.1899254339773505,0.024930583622794752,0.04023429338208814
AAATTGCGGCGGTTCT-1,0.16086711648944052,0.0933273258595214,0.14034095414795944,0.12047009032295213,0.04923091865947206,0.09698403024226024,0.13809245007391333,0.2006871142044809
AAATTGGTGAGAAGCA-1,0.00016544891387036846,0.03917996008852467,0.00023128803169075463,0.47849664549683557,0.4752103040578936,0.00022660181881752192,0.0004248455357926588,0.006064906056574902
AAATTTACCGAAATCC-1,0.09348847322178973,0.12396769002618875,0.2585449152809769,0.09505627569035893,0.1556637399138898,0.029948534663519044,0.15627072224150443,0.08705964896177246
AAATTTGCGGGTGTGG-1,0.12015216711846634,0.07757389127397728,0.1386684858461468,0.1019607071847402,0.07039278177824274,0.15758541042226934,0.19863110137445072,0.1350354550017066
AACAACTGGTAGTTGC-1,0.13610340574043997,0.07928925830024937,0.1338080976847386,0.10775760863252085,0.12643655595288897,0.18926048385888575,0.1584716999110241,0.06887288991925235
AACAATACATTGTCGA-1,0.18063367599176933,0.21575489069616877,0.1058006909814671,0.0742287216920445,0.07967595522139904,0.21055034408036458,0.050449195320574985,0.0829065260162117
AACAATTACTCTACGC-1,0.1526465648832448,0.09021683653627272,0.11806751896369597,0.05457205468101568,0.11238419797349308,0.11313917578525509,0.16291656089433726,0.19605709028268542
AACACACGCTCGCCGC-1,0.10656868641162738,0.23779625079490607,0.16188029751037358,0.07948504181734567,0.08141259788913958,0.13884941770822964,0.07482549233036641,0.11918221553801168
AACACGACTGTACTGA-1,0.1580329092998755,0.11636028155916436,0.19868211113825385,0.13073162415220693,0.06235102934138685,0.20358385989368502,0.11256952795445223,0.01768865666097525
AACACGAGACGCGGCC-1,0.09329119109058148,0.14354434009856726,0.00789052143521075,0.06465094099282874,0.2293663631778991,0.02921601227115912,0.23585081068479746,0.19618982024895606
AACACGCGGCCGCGAA-1,0.1482322540861567,0.07153048574781508,0.13907283880066054,0.08869795570749484,0.1050910314115627,0.20311639148721639,0.13961780725941475,0.10464123549967898
AACAGCTGTGTGGCAA-1,0.17128548308882224,0.098432955180349,0.19010941476101953,0.10755383719093554,0.07284139162793743,0.20412691855676288,0.07977585311477436,0.07587414647939904
AACAGGAAATCGAATA-1,0.1794317864561014,0.15052352817777262,0.06270464039235908,0.11550200372719106,0.09879528954181016,0.06186505458612874,0.18648062742605181,0.1446970696925851
AACAGGATGGGCCGCG-1,0.14162534068347624,0.10031452307486463,0.1697336282838974,0.13806483848123463,0.09496995564585563,0.1288912434939722,0.13489782311983675,0.09150264721686252
AACAGGTAGTATGGAT-1,0.10268667657579919,0.11115539681730173,0.0007065111306800379,0.1397373785152196,0.01894879284624904,3.08089371342565e-05,0.4472320601433024,0.1795023750343137
AACATATCAACTGGTG-1,0.05812524308741026,0.07293729548432902,0.10779892121972222,0.1630834566275373,0.204991887758516,0.0027202347424778012,0.030281724139748913,0.3600612369402585
AACATCGATACGTCTA-1,6.551601209451224e-05,0.28256899089465154,7.053791410047968e-05,0.16255538560685537,0.5237139235925561,9.037870344695743e-05,0.029133058061508225,0.0018022092147868376
AACATTGAAGTTGATC-1,0.15584645470677452,0.2248788662443742,0.1374770511202083,0.1001394107785121,0.09852812294867988,0.16454250169414025,0.10746477254841501,0.011122819958895733
AACATTGTGACTCGAG-1,0.1590762320052247,0.14542576000954444,0.14657980527370604,0.10620939424146084,0.10523266747142665,0.16740522491874754,0.16518373875896725,0.004887177320922548
AACCAAGACTTCTCTG-1,0.13362455434550022,0.14040238072139016,0.10961077683332694,0.10368855461414517,0.07312155357052884,0.1540886091794946,0.2201523809371453,0.06531118979846878
AACCAGTATCACTCTT-1,0.1478243712585901,0.2101789732200494,0.023446584619295753,0.1283137538047495,0.16222024481381034,0.03238086398334049,0.02130035468852107,0.2743348536116434
AACCATAGGGTTGAAC-1,0.1654474823277005,0.1768930200663012,0.19543094366831446,0.10901584957031714,0.0671109955607031,0.20296579363000156,0.04684750051242358,0.03628841466423846
AACCATGGGATCGCTA-1,0.16173520639879885,0.07838822060726451,0.13193533505597255,0.05293796769258651,0.1710444347978082,0.19985756759011494,0.09587754190505655,0.10822372595239789
AACCCAGAGACGGAGA-1,0.15274716574976177,0.09081053477175723,0.16526515915395057,0.119617649400693,0.1173338890870898,0.21376028601669964,0.058851219920442926,0.08161409589960505
AACCCATCCCATGATC-1,0.1213185719737234,0.08257948167251239,0.09730045645605206,0.09934780991608087,0.06772225748894944,0.09575937148039686,0.14283484951142086,0.2931372015008641
AACCCGACAACCCGTG-1,0.08016019223511062,0.2884430808854378,0.06430757903705743,0.09505999249455925,0.16941122377191226,0.0703997594593158,0.16538455992502354,0.06683361219158328
AACCCGAGCAGAATCG-1,0.08751543386334412,0.13463670949041395,0.23945660919230174,0.13734864781317202,0.20844415233588115,0.011032326229195831,0.03616771914706392,0.14539840192862724
AACCCGCTGTATTCCA-1,0.12354367804041179,0.16579328352376968,0.17960410025792106,0.10225613398412403,0.07602230233016455,0.11491914738751949,0.10280843665197668,0.13505291782411272
AACCCTACTGTCAATA-1,0.13357576003482477,0.08216838369809798,0.28550948627306194,0.09148881964254937,0.141604422062026,0.0988917188237342,0.11158256141801008,0.055178848047695676
AACCCTGGTGGAACCA-1,0.14461962511840187,0.07466752064616616,0.20212545405107238,0.1511143653432965,0.08796942455834768,0.14900426746787918,0.07658713378497298,0.11391220902986327
AACCGAGCTTGGTCAT-1,0.14357304522418404,0.1597611113286085,0.23835627701894083,0.13384787002512732,0.03797362714909093,0.007613332740693818,0.10253447587167314,0.17634026064168143
AACCGCTAAGGGATGC-1,0.1243287533885202,0.1633954145837811,0.0018269259223878105,0.2539755473989661,0.08116164645592593,0.00021670958825487546,0.20503909275438223,0.17005590990778177
AACCGTTGTGTTTGCT-1,0.13543026104644507,0.1681863182452851,0.08568163089949181,0.12290861155083323,0.1710220522721721,0.0818699326295502,0.10483468353243115,0.13006650982379134
AACCTCGCTTTAGCCC-1,0.06540596664929686,0.16359026100034768,0.05308020096319411,0.05884612484544045,0.11035136005678774,0.004453610716629276,0.1569809846689847,0.3872914910993192
AACCTGTCACGGAATT-1,0.08316939643253095,0.028699291162383435,0.09227251436941476,0.27811974374809767,0.35265419620449273,0.1137717919544941,0.024332367867657252,0.026980698260929078
AACCTTTAAATACGGT-1,0.12538226640189348,0.08349112456332308,0.11396787724525387,0.09555577404010976,0.12396866314668865,0.19328580481431,0.11074394066504543,0.15360454912337568
AACCTTTACGACGTCT-1,0.04727397730439946,0.20465660008415032,0.0029291416032747163,0.15972237483224702,0.2512364927527147,0.002406206743394339,0.05683586544054047,0.27493934123927893
AACGATAATGCCGTAG-1,0.11383360274195475,0.10663881680747611,0.12526126276937471,0.12943058998111548,0.11015205387074593,0.07511383375871544,0.198272639631301,0.14129720043931657
AACGATAGAAGGGCCG-1,0.18021564135801246,0.09332647486115528,0.13245702676323404,0.11777814995742707,0.10814898962435315,0.22865170136072535,0.048770556508338024,0.09065145956675462
AACGATATGTCAACTG-1,0.09586743492048543,0.17063372003085162,0.06670594465815867,0.08170710762860971,0.07148470241005953,0.0007632502371148538,0.26213862398928156,0.25069921612543866
AACGCATGATCTGGGT-1,0.009528731899804146,0.0413694650600407,0.0023810971625531237,0.5076128003799544,0.2440290087846775,0.00045412767443142236,0.029240123570313754,0.165384645468225
AACGCGAACGGCAACA-1,0.1888477631298705,0.07594814866729456,0.09235751839319586,0.1625101831107425,0.15093648419248296,0.1526312774403469,0.06686026322160579,0.10990836184446091
AACGCGACCTTGGGCG-1,0.155271084726613,0.1098828918217435,0.1779613482428667,0.14709978173067534,0.07339236853580514,0.18363975493668627,0.10101321902777952,0.05173955097783056
AACGCGGTCTCCAGCC-1,0.12670935870811428,0.11234886937303604,0.09533033424233095,0.13438158146803805,0.032263901279431996,0.002177543397225982,0.2044128088449615,0.29237560268686125
AACGCTGTTGCTGAAA-1,0.16135053342755018,0.06583001771851653,0.2690111506119655,0.10035429137685191,0.05466460941686376,0.2391022199484716,0.06474976568164423,0.04493741181813627
AACGGACGTACGTATA-1,0.05178141482312334,0.23617350234381365,0.021325651987598455,0.3468070685517299,0.08187131138432707,0.0026940447512301324,0.2277914051900512,0.03155560096812629
AACGGCCATCTCCGGT-1,0.1357827407584097,0.10196157642007336,0.11396433436860681,0.17691444427659742,0.08303831873173048,0.1696245945874072,0.16656950180443175,0.05214448905274329
AACGTACTGTGGGTAC-1,0.07408190464697624,0.06309495375985374,0.07641598159237566,0.21603329563136878,0.14270092785689686,0.05193853603650581,0.14025643307753624,0.23547796739848667
AACGTCAGACTAGTGG-1,0.1230651953452609,0.13221145479451557,0.16103414425803325,0.12216960957162841,0.13307709494818398,0.0784799280659828,0.13985456511397787,0.1101080079024172
AACGTCGCTGCACTTC-1,0.1399985671124759,0.08530547846204868,0.15343583154024903,0.17731298677852644,0.1591693801097243,0.2014236273425642,0.049184133969996165,0.03416999468441528
AACGTGATGAAGGACA-1,0.056434836687228485,0.26363998421505486,0.23366341715928074,0.11093061045483532,0.1381867021295385,0.0001965447374096805,0.147281029775137,0.04966687484151542
AACGTGCGAAAGTCTC-1,0.16383198349977235,0.10907689040892593,0.11995508287390343,0.08868272697061712,0.10333540580369704,0.169078142502954,0.20710577563651814,0.03893399230361202
AACTACCCGTTTGTCA-1,0.07186082267745285,0.19314245756392087,0.009256472453985923,0.1464068747707358,0.10927141674653068,0.0005630426019960793,0.3219901748721795,0.1475087383131983
AACTAGGCTTGGGTGT-1,0.15416020986231982,0.09467091046612774,0.1394029635860648,0.10315441601858051,0.14984328649542497,0.2134604677023806,0.0679085763717424,0.07739916949735914
AACTCAAGTTAATTGC-1,0.14907036795352413,0.08881850511371372,0.15554540106214154,0.08944362524954383,0.054857388153425314,0.19301169696683082,0.13648697066516785,0.13276604483565282
AACTCCAGAGCGTGTT-1,0.1521710583009443,0.1915650095412176,0.18883624340328525,0.14132918925910623,0.05219760748040978,0.17182486175985026,0.06658233024629719,0.035493700008889385
AACTCCTAATCCCATG-1,0.036772088762025854,0.13709365314067742,0.010055731814714369,0.19071842757582935,0.30675964034007214,0.0013179251074036192,0.04299043299173359,0.2742921002675436
AACTCGATGGCGCAGT-1,0.1289779809862448,0.08484733437370923,0.0520833527045747,0.11404023431247932,0.35463119413717636,0.04554375164459004,0.1386449236324358,0.08123122820878978
AACTCTCAATAGAGCG-1,0.05561240544925954,0.19102396566540825,0.12271282070357621,0.15243632153854061,0.14069206252812544,0.00018719889958032673,0.027448167278802834,0.3098870579367068
AACTGAGGTCAGCGTC-1,0.07317881045045202,0.06359512271527488,0.020937753853142706,0.33527874476137826,0.08365492993465674,0.020058558327486573,0.029477774107569927,0.3738183058500389
AACTGATATTAGGCCT-1,0.11919772450505253,0.06488753983036755,0.04502156364157493,0.1517621842624669,0.24505935029812947,0.024692854342837512,0.21147945886110475,0.13789932425846632
AACTGGGTCCCGACGT-1,0.1278224599040741,0.11151717499144853,0.1007156541173871,0.053323314358668585,0.15727449435574406,0.0797270580843691,0.23982393703284513,0.12979590715546338
AACTGGTGTGGGCCTT-1,0.14897784322939217,0.06738046876572971,0.18583437827507643,0.16894536692826967,0.08274244561702745,0.19331048465933945,0.08011384771779922,0.07269516480736589
AACTTCTGCGTCTATC-1,0.11537403427949572,0.10985819309384934,0.03296949914255934,0.15986232351764823,0.1348956246320593,0.02511454355981747,0.2311760956165192,0.19074968615805138
AACTTGCCCGTATGCA-1,0.16459316681928066,0.08763712320643136,0.13475027149239582,0.09715612092746422,0.08160742504521169,0.20936420398083025,0.10471409400347255,0.12017759452491349
AACTTGCGTTCTCGCG-1,0.13873917404477862,0.1322483960493018,0.00583816617059894,0.14206578011279838,0.06959707852935484,0.08225706005269884,0.18377004508448194,0.24548429995598664
AACTTTAGCTGCTGAG-1,0.13437779963696447,0.10905586401547938,0.08999933882900593,0.07000784998794002,0.2181747076240129,0.10444167330900885,0.09835873247691118,0.17558403412067725
AAGAAGGATCAGTTAG-1,0.10560404618714449,0.05072380967076438,0.05498756442338647,0.2860237943327858,0.2855374647541632,0.06099310233165522,0.11578240617822004,0.040347812121880454
AAGACATACGTGGTTT-1,0.15001753851495703,0.05252744761439793,0.1431897162101108,0.08313068084941158,0.09312087273897772,0.24971938847895195,0.02304812312556509,0.20524623246762785
AAGACCCAACTGAACA-1,0.10724968254978667,0.21231797873289865,0.09988919780221224,0.07605148449090372,0.03751770204492326,0.001155714556610241,0.39090051642581736,0.07491772339684785
AAGACTAACCCGTTGT-1,0.1992392910614206,0.0850640643007549,0.07307846575792408,0.14923870514664947,0.15428135171693996,0.1431859984628841,0.1485553852807268,0.04735673827270013
AAGACTGCAAGCTACT-1,0.15519525052715183,0.0934217028500908,0.16708611215134914,0.09245598428143495,0.11523789838337924,0.19211815497026713,0.08462391136434061,0.09986098547198634
AAGAGATGAATCGGTA-1,0.07903263718457747,0.2641396613394516,0.0658085635457362,0.048926300573165986,0.07567309097492617,0.0002556495832404008,0.19033235995608042,0.27583173684282175
AAGAGCTCTTTATCGG-1,0.12484779777153258,0.1218626705375075,0.0432636985907431,0.14418038617071338,0.11694185122542265,0.036837113427113835,0.2471258233382337,0.16494065893873322
AAGAGGATGTACGCGA-1,0.13926770495925106,0.1310716015698983,0.09250144839138487,0.10446369864258968,0.04363952063959513,0.1493756515733174,0.2933755652973393,0.04630480892662424
AAGAGGCATGGATCGC-1,0.08498049262374391,0.08158597972395701,0.018012268352847666,0.05323708255167697,0.08071351351112331,0.0002266539271983149,0.36997450317684544,0.3112695061326074
AAGAGGCCCTTTGGAA-1,0.05028960308922618,0.14738335755299148,0.31997728971502704,0.07374431397417622,0.3447714716606152,0.0006811438761289525,0.028149445538352753,0.035003374593482184
AAGATGGCACCGGACC-1,0.17150718150570474,0.1023438140397433,0.10475141792380042,0.10239297252421325,0.07286156786479021,0.15052537879877498,0.14157318207958097,0.15404448526339212
AAGATTGGCGGAACGT-1,0.05792693457128329,0.14466440024776148,0.030110557968109325,0.21789705464625186,0.046371480888445775,0.01849096137140096,0.2431663006753694,0.2413723096313779
AAGCACCCTGCGTATC-1,0.10201312215711923,0.10558773222088397,0.0696652005660411,0.16292692779102755,0.23710891857698665,0.10814355077266634,0.14467960840498,0.06987493951029518
AAGCATACTCTCCTGA-1,0.13523860459580972,0.24142791968838567,0.003537511960423915,0.13193763773566222,0.0340125657105892,0.002605310523806178,0.31024497821332836,0.14099547157199468
AAGCCGAAGCGGTTTA-1,0.13790505028215616,0.07366286336996256,0.16363492744376731,0.12096033077908232,0.1056919060115411,0.11414912110939943,0.18158276394407077,0.10241303706002036
AAGCCGCCGTGAAATC-1,0.16734743860874726,0.10862462856381926,0.11107061380392147,0.1737126568703738,0.09598087739168981,0.20503910428035263,0.13300143288129576,0.005223247599800018
AAGCGCAGGGCTTTGA-1,0.14200604147285698,0.05091089359221571,0.17241807749958382,0.08498791295322977,0.18373378091221065,0.25089100891319216,0.05438755043437263,0.06066473422233829
AAGCGGCGTCATGGGT-1,0.009628417820172997,0.1293262558085854,0.008584467927900036,0.19911105694920614,0.044093345477554044,0.00012181348280871291,0.0005629773515128378,0.6085716651822598
AAGCGTCCCTCATCGA-1,0.17135069539356107,0.18063192108010406,0.1711794477578641,0.08623566275365274,0.12727453977545883,0.19709727717427322,0.06118611323942539,0.005044342825660592
AAGCTAGATCGAGTAA-1,0.1232618787862441,0.12378507067309655,0.12587549337304124,0.24899982834350196,0.09970718078176063,0.010678583011056932,0.121890707192971,0.14580125783832756
AAGCTCGTGCCAAGTC-1,0.16432057304477632,0.07607215681125698,0.14462909030210933,0.13105595974963377,0.12818945897615078,0.24651397641780037,0.10600442521811342,0.0032143594801590444
AAGCTCTTTCATGGTG-1,0.13052535754618483,0.08633825727812229,0.17411000447038488,0.09396865982791897,0.15507220954867984,0.07449055780952178,0.2016320943645706,0.0838628591546168
AAGGAGAACTTATAAG-1,0.1377154794136883,0.12084357138695677,0.16454778249420882,0.1087461223062421,0.1862000709614661,0.04748860540768735,0.15567234480519757,0.07878602322455301
AAGGAGCGGTTGGTGC-1,0.16004263702770907,0.06727236012684869,0.13421435927143519,0.10027614544526227,0.15327200077040812,0.22221284803411775,0.06743108889105906,0.09527856043315985
AAGGATCGATCGCTTG-1,0.17277477204779082,0.09404833555917155,0.2576584795193985,0.0868475626345416,0.1442915061468078,0.09898695902031315,0.05424812804703139,0.0911442570249452
AAGGATGAGGGACCTC-1,0.10380550151078134,0.10962936049718307,0.0682149785345629,0.068850480364297,0.04469557387271734,0.0019404808925231295,0.33937525683787034,0.2634883674900649
AAGGCAGGCTGTCTCC-1,0.021282247915456128,0.20821460053534044,0.0018119228061214772,0.18215351123942816,0.48163756467190794,0.0002165749423030401,0.02675805135551138,0.07792552653393142
AAGGCGCGTAAAGCTT-1,0.13013906051003912,0.13634906134050487,0.12131376658965416,0.17159560682567737,0.12245155268283268,0.1269996185793505,0.15294779679517786,0.03820353667676343
AAGGCTGTGCTCATCG-1,0.11951894840040368,0.15328597811271927,0.06730463034373514,0.14138674114580763,0.04018969176473424,0.0999508919599703,0.2899255366531737,0.08843758161945599
AAGGGAACGACTGGCT-1,0.15128721760387676,0.15292059082911186,0.15775836801530438,0.09109651150779256,0.10253909265310504,0.13374282112771993,0.1570587355263834,0.05359666273670606
AAGGGACAGATTCTGT-1,0.07489371278674976,0.15413184871655955,0.005856717736573162,0.23143480311758147,0.05047948212774337,0.009472339159770398,0.31456583612187533,0.15916526023314692
AAGGGACTATGCATTC-1,0.176534832992794,0.1335259824505889,0.15709439830858227,0.09780880524714565,0.10587069977355144,0.2284587469555572,0.06531764936002665,0.035388884911753876
AAGGTATCCTAATATA-1,0.06966156612549956,0.214810370489211,0.007709445715108519,0.10271274408833743,0.04208053744592078,0.0012397023590638373,0.24890057772517912,0.3128850560516797
AAGGTGATAAACCAGC-1,0.07088310597193642,0.29294493479617656,0.023917963760606672,0.22857527743358153,0.059057155327851274,0.001853273685469842,0.17606648136210723,0.14670180766227048
AAGTAGAAGACCGGGT-1,0.14971448549550384,0.08764201888449369,0.14656284887876395,0.08475047846230485,0.0975979604805888,0.10941834834024773,0.20986250115677615,0.11445135830132099
AAGTAGTGACGCGAGG-1,0.15275678427686493,0.07728159773530444,0.20398498704065515,0.05818271683179658,0.10628831791206388,0.22313380077669814,0.13444419137210467,0.043927604054512195
AAGTCAATTGTCGTCA-1,0.16356248368115733,0.05288670874184824,0.24867105225575295,0.04966286081860751,0.15382597392235964,0.19401977190293396,0.039494637029362956,0.09787651164797742
AAGTGACGACCGAATT-1,0.13433826765467186,0.06330486160047599,0.164680694661502,0.09946273961832897,0.12217936046766337,0.18064567394491876,0.13591624066694913,0.09947216138548994
AAGTGAGTCGGGTTTA-1,0.11696549975551486,0.1534063098292628,0.07029489578785783,0.13980384916803854,0.13459927649083595,0.12016242444193291,0.21551836030493718,0.049249384221619986
AAGTGCCTTGACTGTA-1,0.15493109398657212,0.08319029659143064,0.2708681561223399,0.0745164809431421,0.09226122078994684,0.21967334078484554,0.012465956607951668,0.09209345417377122
AAGTGCGTTAGAATCT-1,0.01946046559000952,0.07621891240733042,0.0045766024951616234,0.616537857135811,0.16523959587078216,0.001073292749436003,0.01990888503557307,0.0969843887158962
AAGTGCTTCTCTATTG-1,0.1582661691307857,0.17164876345968222,0.18619546459894493,0.16288909396084328,0.11615942569931798,0.15884625293073196,0.013593393082253689,0.03240143713744025
AAGTGTTTGGAGACGG-1,0.11856851685769293,0.14367028321014247,0.07901238966099354,0.08440005705651601,0.04257176742912637,0.05277647188021901,0.2597621826383771,0.2192383312669326
AAGTTCACTCCAAGCT-1,0.12326084261455514,0.15366965231128454,0.1592154221414172,0.09203742075475571,0.051835363161068855,0.1958069455199946,0.051917315202974594,0.17225703829394934
AAGTTCAGTCTGCGTA-1,0.05359650616907848,0.21605915051504448,0.08365293918461698,0.2722728430503575,0.05574275063299122,0.04533227633837975,0.11275913645101998,0.16058439765851162
AAGTTCGGCCAACAGG-1,0.17159523379891503,0.11577911764783527,0.18887971825793196,0.11603881858699445,0.048498830863181165,0.23036932099381166,0.08746528071119292,0.04137367914013753
AAGTTGTGATGTTATA-1,0.17003151028296043,0.06960628558358627,0.21221194768305693,0.08632861539597424,0.11043802610553502,0.2201807172322355,0.024853868679322034,0.10634902903732955
AAGTTTACTAATGGCA-1,0.12385524458954833,0.1324518654142117,0.12214178795666693,0.06269167681025004,0.14032769619265806,0.055211737490511635,0.07499063522963077,0.28832935631652257
AAGTTTATGGGCCCAA-1,0.139114944905673,0.13983629082907514,0.17045386110080796,0.09766564160406818,0.042410766374298026,0.17706518163239293,0.23180170493626104,0.0016516086174237102
AATAACAACGCTCGGC-1,0.15433824077142028,0.07461566586526798,0.16762331040835335,0.09147578116747093,0.09548052566950722,0.23757463744465634,0.09433266067668228,0.0845591779966416
AATAACGTCGCGCCCA-1,0.14617972529250753,0.08456407535697034,0.18903624228448804,0.10044704158498292,0.13752485812308465,0.21885312825802627,0.04629527624845043,0.07709965285148977
AATAAGTCCTCGAGAC-1,0.16852379940908768,0.09540891348914245,0.15286360984742575,0.07819159132970653,0.13791055555654824,0.24274590094661413,0.04827156000959376,0.07608406941188145
AATACAATGTTTCAGG-1,0.09423434703093309,0.19756553909803531,0.007423500436257108,0.15815513471796178,0.11561239078603469,0.010435970771162935,0.2992006615154023,0.1173724556442128
AATACCGGAGGGCTGT-1,0.15369390946724484,0.1475561528844978,0.1298846764760224,0.17679843482213056,0.12673034384557566,0.14155141335273858,0.027680877376663297,0.09610419177512688
AATACCTGATGTGAAC-1,0.11750963890948386,0.2481471151744787,0.17699416928416542,0.09300293227168945,0.06917164786723544,0.12805575966111105,0.134740301245433,0.03237843558640312
AATAGAATCTGTTTCA-1,0.11026072033721168,0.2364914473859519,0.00398760853359104,0.09682958834643485,0.01098059384168573,0.0063251477617389095,0.2607871546920382,0.2743377391013477
AATAGCAAGCCTCCTG-1,0.06403399624264375,0.11627831497068668,0.012551772055400529,0.27437483867073087,0.2890061998574142,0.020466783320564695,0.02049363888369094,0.2027944559988683
AATAGCTACCGCGTGC-1,0.017764198659519212,0.2872433339703167,0.0024214426938110045,0.022114408036092003,0.09049709751778057,0.00850590829310115,0.2286800667218961,0.34277354410748323
AATAGTCCGTCCCGAC-1,0.13387352020546064,0.10533413481201041,0.11262136009182108,0.1426219890473654,0.1064170301893615,0.10294105301104324,0.19751903875040525,0.09867187389253246
AATATCAAGGTCGGAT-1,0.16674644172372924,0.08363526579426135,0.14754247190470424,0.16192960259175176,0.06762930208988918,0.24596699423073043,0.03336964087045884,0.09318028079447498
AATATCGAATCAATGC-1,0.12039383315089545,0.12402907467992184,0.11665420865770959,0.12594284619791707,0.11421917209238869,0.1114290133643626,0.14781416885342513,0.13951768300337958
AATATCGAGGGTTCTC-1,0.08672118473722094,0.1262100914243745,0.051583365931192206,0.17293045422980066,0.20197472808938804,0.013834165690616355,0.09435506608801669,0.2523909438093906
AATATTGGAGTATTGA-1,0.13895831439487147,0.08904170140850592,0.09644575970702439,0.1381825674263724,0.0747204977803426,0.216971097408965,0.17561207488199845,0.07006798699191977
AATCAGACTGCAGGAC-1,0.1443173008958965,0.0676459290269131,0.08156214564511265,0.14278017750532346,0.12528041341305013,0.10338936207615028,0.10584388813418813,0.22918078330336575
AATCAGGTTTCATTTA-1,0.15301160697442265,0.1558307742906745,0.14936111054400097,0.14129280181805326,0.1801047632952832,0.14730370547382218,0.027715118121524655,0.045380119482218595
AATCATGTAAAGACTC-1,0.1425476030491252,0.08725304296444084,0.17788883011551418,0.18330790525413038,0.14398905425745365,0.17483667305513628,0.05443999189730674,0.03573689940689272
AATCCAAGGGCCTGAG-1,0.14658059266501416,0.1201168467565542,0.07884305721821772,0.1413160554695799,0.11364780196858758,0.18022049997124576,0.14673277197234366,0.072542373978457
AATCCATGCAAGGGTG-1,0.14847662685382768,0.07099322116991703,0.14849455083063723,0.1374771825419748,0.14862167871121268,0.16144497178723427,0.016912735873870478,0.1675790322313258
AATCGCCTCAGCGCCA-1,0.04812128872348523,0.1085061669307038,0.00025074122971873765,0.18615451314440976,0.36739471260951895,0.0003107118189825487,0.11398365371426819,0.1752782118289128
AATCGCGCAGAGGACT-1,0.15057631162949414,0.12912037497961698,0.21507805884910355,0.08539809731094133,0.07643323248062993,0.23062261148502924,0.01701466252709057,0.09575665073809424
AATCGGGACACTACGA-1,0.12318817702302526,0.10904723582369509,0.13832052242348547,0.23024994988505224,0.16929690060169314,0.044418008883490435,0.043890286160066294,0.1415889191994921
AATCGGTATAGCCCTC-1,0.1635310224313456,0.04721046275978997,0.19222184461629646,0.07919400788281478,0.15770201513932747,0.19267917347002836,0.10791741561171428,0.05954405808868309
AATCGTGAGCCGAGCA-1,0.13060162142546936,0.14838182209186965,0.1024684441275396,0.1415273194190646,0.12928101991476992,0.18064595409872447,0.07016654878972288,0.0969272701328395
AATCTAGGTTTACTTG-1,0.1432459906260273,0.021137967468091077,0.0027948268020662687,0.06961861551318937,0.009689337351852349,0.0003473326597983594,0.08928252784262747,0.6638834017363479
AATCTATGCCGGAGCC-1,0.035992360878313305,0.11768695742950533,0.0030622149114822713,0.3985727034581332,0.2184176042885039,0.0014436451900120342,0.08345985398817313,0.14136465985587685
AATCTGCGTTGGGACG-1,0.14120246831252467,0.18438994258019392,0.11114018117090056,0.08579479577290035,0.19677907702152259,0.017350982785080786,0.07133773512013573,0.19200481723674137
AATCTGGCTTTCTAGT-1,0.041511885554839444,0.03568935520104781,4.873524655981417e-05,0.03030125849192118,0.013093840364935147,6.398838600918619e-05,0.0005372140231181125,0.8787537227315693
AATCTGGGTAGACCCT-1,0.1520233858516369,0.11495452164614464,0.3606615931342198,0.17518158187933164,0.02045291850350315,0.03268742404410316,0.007269473794701352,0.13676910114635937
AATGACAGCAATGTCT-1,0.11213507330517099,0.1269937602412104,0.17986068700325936,0.2636230769380842,0.12260162641136865,0.035874608933733274,0.05920052942289244,0.09971063774428073
AATGACTGTCAGCCGG-1,0.13186507929437144,0.09311324508476142,0.07808349727399114,0.1327536689560563,0.17426743818185725,0.14535623913925028,0.09353672894378538,0.15102410312592676
AATGAGTTCGCATATG-1,0.11278930219594915,0.11366598343702616,0.15168387446190792,0.1004448301342416,0.131454081678784,0.06430612200958236,0.17813982833042946,0.14751597775207936
AATGATGATACGCTAT-1,0.049291986190531906,0.1270052410372003,0.03454864118496896,0.1860453536362905,0.2435150685153601,0.004065167545114805,0.12324202170781694,0.23228652018271653
AATGATGCGACTCCTG-1,0.07801088620006658,0.18096573827297519,0.03351903103682723,0.16126104627141769,0.17722602685283972,0.00884976002558503,0.04441315107680412,0.31575436026348447
AATGCAACCGGGTACC-1,0.143029915820113,0.09048837957692679,0.1735062047775079,0.1425756548512816,0.15914390289014638,0.10174173652933566,0.021955592568074875,0.16755861298661384
AATGCACCAAGCAATG-1,0.0037394274319672727,0.15187352662985612,0.0015174698511708218,0.3351412964839123,0.4408468314178075,3.0375421138018677e-05,0.02370631354660312,0.04314475921754486
AATGGTCCACCGTTCA-1,0.10222970476736852,0.12469265603189826,0.09867999923631575,0.3256296948004843,0.1989827252505904,0.01884875858236953,0.05113384754872289,0.07980261378225034
AATGGTTCTCACAAGC-1,0.11118564160919461,0.1211284728971199,0.1077336368446003,0.11492031382855775,0.18301253874185086,0.06191765370637258,0.2047204101776927,0.0953813321946113
AATGTATGGCACTGTA-1,0.1570796871621861,0.2030037963266574,0.17788506575702992,0.0785203322411973,0.047721959304138244,0.16426616490400076,0.11062561949043952,0.060897374814350785
AATGTGCCCGAGGTGT-1,0.1349715771231631,0.13689016428733364,0.11225382553561525,0.14745158078974482,0.09462594144841555,0.15412152617366923,0.1302508213937897,0.0894345632482687
AATGTGCTAATCTGAG-1,0.1475045461304874,0.22296506841271013,0.19595136849002065,0.09405456414284438,0.09913866247159209,0.14531852023861905,0.08641506954668493,0.008652200567041385
AATGTTGTCGTGAGAC-1,0.18637483976035824,0.08308805109142467,0.2099864735838807,0.10357406218348292,0.11772340762070437,0.25385754642254693,0.01351849578235559,0.031877123555246564
AATTAAAGGTCGGCGT-1,0.1701507544969463,0.07824542157658913,0.14666761078233018,0.10918573596710508,0.08846443821628036,0.18541107090404566,0.12420187905481385,0.09767308900188945
AATTAACGGATTTCCA-1,0.1377002047093,0.15894819755676012,0.08052389907282481,0.08904134987267057,0.059641317907284566,0.12915790279079428,0.24238435092903837,0.10260277716132728
AATTCATAAGGGATCT-1,0.04254924755052235,0.0951383938532175,0.033593232396525945,0.14366878593686958,0.07976116223380585,0.005926735150281573,0.17853037651592232,0.42083206636285486
AATTCATTGTCATGCA-1,0.11469552010585593,0.3681249997167051,0.09677600133816366,0.08036188385333985,0.060948716025639185,0.07143687531294235,0.14609665815065168,0.06155934549670225
AATTCCAAGCATGTAC-1,0.08652184483194154,0.1342053866157805,0.04077017870112812,0.12489723205194293,0.1235583045946991,0.0004887448477488128,0.38416030535883167,0.10539800299792734
AATTCGATTCGAGGAT-1,0.14463794531007135,0.08345589492142648,0.15706420930175646,0.1368075967773697,0.12682661547567015,0.24831220676966623,0.03818927335318987,0.06470625809084976
AATTGCAGCAATCGAC-1,0.15806831867326468,0.081449416146513,0.18829687061817052,0.08310039782955765,0.12292086970214966,0.23429896330594688,0.07514998594588441,0.05671517777851317
AATTGCGTGGATTACA-1,0.15624866262409362,0.1772855169299168,0.145257601659919,0.0948767711110472,0.08141887852504666,0.22452400495220526,0.08727146201184936,0.03311710218592215
AATTTGGGACATAGTA-1,0.10259621560002116,0.19116603593482967,0.028227063559028404,0.15301721421948253,0.3513253803750612,0.003944055606775728,0.14411776678871033,0.02560626791609095
