,Endothelial.cells,Fibroblasts,PVL,B.cells,PCs,T.cells.CD8,T.cells.CD4,NK.cells,Monocytes.and.Macrophages,Dendritic.cells,Epithelial.cells
AAACAAGTATCTCCCA.1__50x102,8.64E-02,1.15E-01,2.17E-02,5.69E-02,3.87E-02,1.18E-01,1.41E-01,1.27E-01,8.47E-02,2.80E-02,1.84E-01
AAACACCAATAACTGC.1__59x19,8.12E-02,8.15E-02,4.17E-02,8.80E-02,6.81E-02,1.07E-01,1.14E-01,1.48E-01,1.48E-01,3.60E-02,8.62E-02
AAACAGAGCGACTCCT.1__14x94,3.55E-02,6.07E-02,4.56E-02,9.21E-02,3.08E-01,6.48E-02,5.95E-02,9.65E-02,1.35E-01,2.84E-02,7.38E-02
AAACAGCTTTCAGAAG.1__43x9,8.45E-02,1.24E-01,3.55E-02,1.03E-01,5.31E-02,9.12E-02,9.10E-02,1.46E-01,1.62E-01,2.22E-02,8.75E-02
AAACAGGGTCTATATT.1__47x13,6.10E-02,8.04E-02,4.71E-02,1.18E-01,2.09E-01,1.13E-01,5.40E-02,1.51E-01,9.15E-02,2.94E-02,4.66E-02
AAACCGGGTAGGTACC.1__42x28,8.32E-02,7.95E-02,7.51E-02,1.02E-01,1.83E-01,1.05E-01,7.74E-02,1.17E-01,9.45E-02,3.34E-02,5.06E-02
AAACCGTTCGTCCAGG.1__52x42,5.69E-02,9.97E-02,3.80E-02,1.29E-01,1.43E-01,9.08E-02,8.20E-02,1.18E-01,1.47E-01,2.87E-02,6.74E-02
AAACCTAAGCAGCCGG.1__65x83,8.25E-02,9.91E-02,4.39E-02,1.15E-01,1.05E-01,1.25E-01,8.63E-02,1.09E-01,1.29E-01,2.86E-02,7.58E-02
AAACCTCATGAAGTTG.1__37x19,7.45E-02,6.62E-02,7.73E-02,1.14E-01,1.41E-01,1.20E-01,9.27E-02,1.22E-01,9.18E-02,3.98E-02,6.11E-02
AAACGAGACGGTTGAT.1__35x79,7.27E-02,1.36E-01,5.09E-02,8.40E-02,1.14E-01,8.55E-02,8.36E-02,1.43E-01,1.06E-01,2.72E-02,9.70E-02
AAACGGTTGCGAACTG.1__67x59,5.43E-02,1.19E-01,2.47E-02,3.62E-02,2.07E-02,1.04E-01,1.88E-01,8.96E-02,7.32E-02,2.30E-02,2.67E-01
AAACTCGGTTCGCAAT.1__66x70,7.25E-02,1.40E-01,2.03E-02,3.91E-02,2.67E-02,1.34E-01,1.67E-01,1.13E-01,6.58E-02,2.25E-02,1.99E-01
AAACTGCTGGCTCCAA.1__45x67,6.70E-02,1.59E-01,4.88E-02,4.40E-02,2.91E-02,1.14E-01,1.16E-01,9.95E-02,8.94E-02,2.20E-02,2.11E-01
AAACTTGCAAACGTAT.1__45x19,9.03E-02,2.10E-01,4.26E-02,9.98E-02,6.28E-02,1.04E-01,6.49E-02,1.33E-01,9.66E-02,1.58E-02,7.94E-02
AAAGACCCAAGTCGCG.1__10x48,7.17E-02,1.51E-01,3.60E-02,5.99E-02,5.07E-02,1.09E-01,1.23E-01,1.20E-01,1.33E-01,2.47E-02,1.21E-01
AAAGACTGGGCGCTTT.1__29x15,8.73E-02,7.91E-02,4.77E-02,1.20E-01,8.89E-02,1.58E-01,9.90E-02,1.62E-01,8.09E-02,3.23E-02,4.52E-02
AAAGGCTACGGACCAT.1__62x54,9.49E-02,1.37E-01,5.06E-02,8.17E-02,6.82E-02,1.36E-01,1.18E-01,1.28E-01,6.50E-02,2.94E-02,9.17E-02
AAAGGGATGTAGCAAG.1__24x62,9.33E-02,1.47E-01,4.31E-02,6.28E-02,4.70E-02,1.17E-01,1.24E-01,1.14E-01,1.15E-01,2.56E-02,1.10E-01
AAAGGGCAGCTTGAAT.1__24x26,1.14E-01,1.03E-01,4.65E-02,7.98E-02,5.14E-02,1.15E-01,1.15E-01,1.35E-01,1.11E-01,3.12E-02,9.84E-02
AAAGTAGCATTGCTCA.1__51x27,8.17E-02,9.76E-02,6.48E-02,8.12E-02,1.07E-01,8.88E-02,9.49E-02,1.34E-01,1.44E-01,2.99E-02,7.64E-02
AAAGTCACTGATGTAA.1__10x52,7.93E-02,1.37E-01,4.14E-02,7.56E-02,1.42E-01,7.50E-02,6.53E-02,1.62E-01,1.27E-01,2.70E-02,6.93E-02
AAAGTCGACCCTCAGT.1__37x15,7.91E-02,6.10E-02,5.65E-02,1.06E-01,5.88E-02,1.35E-01,1.27E-01,1.83E-01,8.44E-02,3.96E-02,7.02E-02
AAAGTGTGATTTATCT.1__44x94,6.32E-02,1.03E-01,5.98E-02,7.75E-02,1.33E-01,8.19E-02,9.10E-02,8.44E-02,2.02E-01,2.29E-02,8.19E-02
AAAGTTGACTCCCGTA.1__42x96,7.28E-02,8.73E-02,4.53E-02,7.60E-02,9.57E-02,1.06E-01,1.35E-01,1.19E-01,1.51E-01,3.15E-02,8.07E-02
AAATAACCATACGGGA.1__14x88,6.36E-02,1.31E-01,3.90E-02,4.74E-02,2.91E-02,1.00E-01,1.13E-01,1.37E-01,8.84E-02,2.47E-02,2.27E-01
AAATACCTATAAGCAT.1__47x69,6.40E-02,1.47E-01,5.74E-02,4.98E-02,3.28E-02,1.17E-01,1.15E-01,9.20E-02,8.12E-02,2.16E-02,2.22E-01
AAATCCGATACACGCC.1__65x87,9.27E-02,1.96E-01,3.22E-02,7.66E-02,6.15E-02,1.13E-01,9.02E-02,1.42E-01,1.13E-01,1.87E-02,6.34E-02
AAATCGTGTACCACAA.1__44x56,6.31E-02,1.23E-01,4.35E-02,4.50E-02,2.99E-02,1.18E-01,1.46E-01,9.18E-02,7.85E-02,2.32E-02,2.38E-01
AAATCTAGCCCTGCTA.1__53x101,8.31E-02,1.17E-01,2.07E-02,5.14E-02,3.04E-02,9.43E-02,1.41E-01,1.64E-01,7.89E-02,2.70E-02,1.92E-01
AAATGCTCGTTACGTT.1__16x24,7.17E-02,1.33E-01,5.41E-02,7.33E-02,1.07E-01,9.80E-02,9.83E-02,1.09E-01,1.36E-01,2.80E-02,9.09E-02
AAATGGCATGTCTTGT.1__13x69,6.67E-02,1.14E-01,5.98E-02,6.49E-02,3.94E-02,1.15E-01,9.38E-02,1.36E-01,1.05E-01,2.73E-02,1.78E-01
AAATGGCCCGTGCCCT.1__49x17,6.39E-02,9.13E-02,4.27E-02,8.12E-02,1.34E-01,1.17E-01,1.33E-01,1.09E-01,1.38E-01,3.47E-02,5.51E-02
AAATGGTCAATGTGCC.1__33x51,6.80E-02,1.40E-01,4.63E-02,6.03E-02,6.34E-02,1.02E-01,1.71E-01,1.40E-01,8.28E-02,3.10E-02,9.58E-02
AAATTAACGGGTAGCT.1__34x58,6.95E-02,1.23E-01,3.91E-02,5.48E-02,3.55E-02,1.16E-01,1.46E-01,1.34E-01,8.97E-02,2.81E-02,1.65E-01
AAATTACACGACTCTG.1__14x86,8.11E-02,1.39E-01,6.22E-02,5.50E-02,3.21E-02,1.28E-01,1.13E-01,8.41E-02,1.03E-01,2.53E-02,1.78E-01
AAATTACCTATCGATG.1__26x94,1.79E-01,1.04E-01,7.69E-02,1.04E-01,5.15E-02,8.39E-02,8.34E-02,1.00E-01,1.08E-01,2.97E-02,7.92E-02
AAATTGATAGTCCTTT.1__55x31,7.80E-02,1.35E-01,2.62E-02,5.81E-02,4.14E-02,9.90E-02,1.24E-01,1.40E-01,1.28E-01,2.40E-02,1.46E-01
AAATTTGCGGGTGTGG.1__47x33,7.33E-02,9.63E-02,5.18E-02,9.91E-02,1.31E-01,1.41E-01,9.04E-02,1.31E-01,1.04E-01,3.03E-02,5.10E-02
AACAACTGGTAGTTGC.1__28x42,6.89E-02,1.85E-01,4.11E-02,1.12E-01,1.53E-01,6.78E-02,4.54E-02,1.44E-01,9.89E-02,2.06E-02,6.38E-02
AACAATACATTGTCGA.1__61x37,7.66E-02,1.08E-01,5.87E-02,9.53E-02,7.87E-02,9.63E-02,9.76E-02,1.14E-01,1.39E-01,2.93E-02,1.06E-01
AACAATTACTCTACGC.1__29x25,1.02E-01,1.24E-01,1.08E-01,8.01E-02,8.80E-02,1.24E-01,1.26E-01,8.32E-02,8.68E-02,2.66E-02,5.17E-02
AACACACGCTCGCCGC.1__51x93,6.53E-02,1.01E-01,6.06E-02,8.40E-02,1.87E-01,7.61E-02,9.69E-02,8.08E-02,1.58E-01,2.34E-02,6.71E-02
AACACGACTGTACTGA.1__9x65,9.60E-02,1.60E-01,4.78E-02,8.70E-02,6.39E-02,1.11E-01,9.02E-02,1.10E-01,1.14E-01,2.32E-02,9.69E-02
AACACGAGACGCGGCC.1__45x21,8.73E-02,1.86E-01,4.53E-02,1.02E-01,4.93E-02,1.05E-01,7.22E-02,1.39E-01,9.66E-02,1.68E-02,1.00E-01
AACAGCTGTGTGGCAA.1__59x31,8.22E-02,7.88E-02,4.60E-02,8.61E-02,7.36E-02,1.01E-01,1.30E-01,1.07E-01,1.98E-01,3.06E-02,6.69E-02
AACAGGAAATCGAATA.1__15x67,5.34E-02,1.18E-01,5.55E-02,4.11E-02,2.36E-02,1.02E-01,1.35E-01,6.67E-02,8.15E-02,2.03E-02,3.03E-01
AACAGGATGGGCCGCG.1__29x31,8.91E-02,3.96E-02,4.69E-02,1.19E-01,6.92E-02,1.68E-01,1.28E-01,1.79E-01,7.22E-02,4.91E-02,4.00E-02
AACAGGTAGTATGGAT.1__49x113,6.35E-02,1.22E-01,4.06E-02,6.86E-02,4.76E-02,1.12E-01,1.42E-01,1.49E-01,1.04E-01,2.88E-02,1.22E-01
AACATATCAACTGGTG.1__27x99,7.88E-02,1.23E-01,6.06E-02,7.17E-02,6.99E-02,1.11E-01,9.15E-02,1.07E-01,1.77E-01,2.42E-02,8.50E-02
AACATTGTGACTCGAG.1__64x52,7.34E-02,9.11E-02,7.39E-02,9.21E-02,7.90E-02,1.13E-01,1.23E-01,1.29E-01,9.37E-02,3.54E-02,9.67E-02
AACCAAGACTTCTCTG.1__36x24,9.48E-02,2.71E-01,5.15E-02,1.16E-01,4.07E-02,7.72E-02,5.62E-02,1.20E-01,7.21E-02,1.10E-02,8.99E-02
AACCATGGGATCGCTA.1__14x30,6.54E-02,1.18E-01,4.27E-02,6.11E-02,4.44E-02,1.24E-01,1.37E-01,1.29E-01,1.05E-01,2.86E-02,1.46E-01
AACCCAGAGACGGAGA.1__15x39,1.26E-01,1.48E-01,5.23E-02,6.91E-02,5.39E-02,9.83E-02,1.16E-01,1.17E-01,1.00E-01,2.79E-02,9.10E-02
AACCCGACAACCCGTG.1__67x43,7.45E-02,9.71E-02,4.97E-02,9.34E-02,8.22E-02,1.06E-01,1.05E-01,1.33E-01,1.46E-01,3.21E-02,8.08E-02
AACCCTACTGTCAATA.1__40x96,1.17E-01,1.36E-01,5.85E-02,8.54E-02,5.54E-02,9.45E-02,9.99E-02,1.15E-01,1.07E-01,2.71E-02,1.04E-01
AACCCTGGTGGAACCA.1__8x70,1.13E-01,1.79E-01,3.52E-02,6.73E-02,4.87E-02,1.00E-01,8.83E-02,1.47E-01,1.09E-01,2.27E-02,8.87E-02
AACCGAGCTTGGTCAT.1__24x70,8.02E-02,1.11E-01,5.22E-02,8.76E-02,7.01E-02,9.40E-02,1.06E-01,1.32E-01,1.23E-01,2.90E-02,1.15E-01
AACCGCTAAGGGATGC.1__46x92,6.59E-02,1.15E-01,4.94E-02,7.73E-02,9.06E-02,9.47E-02,1.12E-01,7.62E-02,2.14E-01,2.10E-02,8.49E-02
AACCGTTGTGTTTGCT.1__12x64,1.14E-01,7.52E-02,7.41E-02,9.58E-02,5.16E-02,1.15E-01,1.13E-01,1.38E-01,1.10E-01,3.68E-02,7.77E-02
AACCTCGCTTTAGCCC.1__62x82,1.21E-01,1.12E-01,6.29E-02,9.85E-02,1.32E-01,7.04E-02,7.20E-02,1.29E-01,9.50E-02,2.97E-02,7.76E-02
AACCTTTAAATACGGT.1__54x68,1.26E-01,9.22E-02,5.12E-02,8.61E-02,7.34E-02,1.73E-01,8.43E-02,1.02E-01,1.04E-01,3.00E-02,7.66E-02
AACCTTTACGACGTCT.1__16x92,5.30E-02,1.31E-01,4.34E-02,3.82E-02,2.30E-02,1.00E-01,1.29E-01,6.81E-02,8.64E-02,1.97E-02,3.08E-01
AACGATAATGCCGTAG.1__53x73,9.00E-02,1.41E-01,2.37E-02,4.82E-02,4.22E-02,1.29E-01,1.43E-01,1.32E-01,8.37E-02,2.72E-02,1.40E-01
AACGATAGAAGGGCCG.1__15x53,9.01E-02,1.37E-01,4.24E-02,6.80E-02,4.33E-02,1.21E-01,1.18E-01,1.21E-01,1.13E-01,2.82E-02,1.18E-01
AACGATATGTCAACTG.1__24x76,7.35E-02,1.59E-01,3.46E-02,4.59E-02,3.55E-02,1.11E-01,1.49E-01,9.61E-02,1.12E-01,2.27E-02,1.60E-01
AACGCATGATCTGGGT.1__20x104,1.38E-01,1.95E-01,4.75E-02,8.01E-02,4.47E-02,1.23E-01,7.28E-02,1.17E-01,8.53E-02,2.08E-02,7.46E-02
AACGCGACCTTGGGCG.1__67x53,9.21E-02,1.02E-01,3.37E-02,6.11E-02,3.91E-02,9.73E-02,1.55E-01,1.41E-01,9.27E-02,3.34E-02,1.53E-01
AACGCGGTCTCCAGCC.1__23x65,8.44E-02,1.03E-01,4.64E-02,6.58E-02,4.71E-02,1.43E-01,1.51E-01,1.20E-01,1.10E-01,2.81E-02,1.02E-01
AACGCTGTTGCTGAAA.1__54x94,6.36E-02,1.44E-01,4.15E-02,8.26E-02,1.30E-01,9.18E-02,7.82E-02,1.05E-01,1.73E-01,1.87E-02,7.16E-02
AACGGACGTACGTATA.1__50x92,6.64E-02,8.17E-02,5.08E-02,7.73E-02,2.08E-01,6.12E-02,6.50E-02,1.25E-01,1.58E-01,2.74E-02,7.96E-02
AACGGCCATCTCCGGT.1__47x39,7.28E-02,1.23E-01,5.51E-02,6.81E-02,5.80E-02,1.19E-01,1.42E-01,1.23E-01,1.01E-01,2.88E-02,1.10E-01
AACGTACTGTGGGTAC.1__48x42,6.93E-02,7.62E-02,5.25E-02,8.89E-02,2.10E-01,1.00E-01,7.68E-02,1.18E-01,1.23E-01,3.24E-02,5.30E-02
AACGTCAGACTAGTGG.1__24x40,7.70E-02,1.42E-01,4.42E-02,5.46E-02,4.77E-02,1.17E-01,1.46E-01,1.11E-01,9.94E-02,2.76E-02,1.33E-01
AACGTGATGAAGGACA.1__9x83,1.09E-01,1.69E-01,5.41E-02,6.85E-02,5.46E-02,1.29E-01,1.02E-01,1.16E-01,9.64E-02,2.36E-02,7.89E-02
AACGTGCGAAAGTCTC.1__36x74,8.79E-02,1.15E-01,4.36E-02,7.32E-02,4.83E-02,1.11E-01,1.18E-01,1.34E-01,1.06E-01,2.86E-02,1.34E-01
AACTACCCGTTTGTCA.1__47x113,4.07E-02,1.20E-01,2.52E-02,4.42E-02,3.48E-02,9.76E-02,1.87E-01,1.30E-01,9.53E-02,2.68E-02,1.99E-01
AACTAGGCTTGGGTGT.1__55x61,1.16E-01,2.04E-01,3.95E-02,7.34E-02,4.12E-02,6.63E-02,1.11E-01,1.20E-01,1.10E-01,2.17E-02,9.66E-02
AACTCAAGTTAATTGC.1__38x44,7.25E-02,1.23E-01,7.14E-02,5.76E-02,3.98E-02,1.07E-01,1.35E-01,1.01E-01,1.11E-01,2.92E-02,1.53E-01
AACTCCAGAGCGTGTT.1__60x92,8.56E-02,1.61E-01,7.11E-02,6.89E-02,8.94E-02,5.63E-02,1.15E-01,2.42E-01,4.67E-02,1.92E-02,4.57E-02
AACTCTCAATAGAGCG.1__35x93,5.85E-02,1.14E-01,3.73E-02,4.93E-02,3.53E-02,1.21E-01,1.33E-01,1.37E-01,1.04E-01,2.82E-02,1.82E-01
AACTCTCAGTGTGCTC.1__53x41,8.86E-02,1.52E-01,4.62E-02,8.38E-02,6.10E-02,9.88E-02,1.20E-01,1.02E-01,1.45E-01,2.33E-02,8.01E-02
AACTGATATTAGGCCT.1__16x66,8.59E-02,7.71E-02,1.00E-01,7.03E-02,4.36E-02,1.37E-01,1.34E-01,1.10E-01,8.82E-02,3.54E-02,1.19E-01
AACTGGGTCCCGACGT.1__20x66,5.87E-02,1.01E-01,6.98E-02,4.81E-02,4.90E-02,1.13E-01,2.17E-01,9.51E-02,8.82E-02,3.18E-02,1.28E-01
AACTTGCCCGTATGCA.1__29x27,8.82E-02,8.42E-02,6.27E-02,1.14E-01,1.06E-01,1.17E-01,8.74E-02,1.61E-01,8.82E-02,3.65E-02,5.42E-02
AAGACCCAACTGAACA.1__60x54,6.42E-02,1.52E-01,5.71E-02,4.01E-02,7.53E-02,1.23E-01,1.48E-01,1.03E-01,1.29E-01,3.04E-02,7.74E-02
AAGACTGCAAGCTACT.1__36x68,7.43E-02,1.10E-01,5.02E-02,7.78E-02,6.68E-02,9.65E-02,7.73E-02,1.09E-01,2.31E-01,2.47E-02,8.14E-02
AAGAGATGAATCGGTA.1__27x27,3.76E-02,5.06E-02,5.10E-02,1.14E-01,3.24E-01,1.10E-01,5.84E-02,8.34E-02,1.10E-01,2.82E-02,3.23E-02
AAGAGCTCTTTATCGG.1__35x77,5.59E-02,4.93E-02,4.19E-02,6.60E-02,2.24E-01,8.51E-02,6.31E-02,1.44E-01,1.60E-01,3.61E-02,7.45E-02
AAGAGGATGTACGCGA.1__39x29,5.30E-02,1.01E-01,4.18E-02,5.78E-02,4.59E-02,1.19E-01,1.73E-01,1.34E-01,9.08E-02,3.14E-02,1.53E-01
AAGAGGCATGGATCGC.1__36x80,8.71E-02,8.85E-02,6.16E-02,8.52E-02,1.40E-01,1.13E-01,8.70E-02,1.23E-01,1.04E-01,3.84E-02,7.13E-02
AAGATTGGCGGAACGT.1__26x90,3.27E-02,5.43E-02,4.43E-02,9.01E-02,3.41E-01,6.71E-02,4.69E-02,9.76E-02,1.47E-01,2.57E-02,5.28E-02
AAGCACCCTGCGTATC.1__59x73,9.82E-02,1.38E-01,3.09E-02,5.53E-02,3.74E-02,1.32E-01,1.45E-01,1.22E-01,8.44E-02,2.74E-02,1.30E-01
AAGCATACTCTCCTGA.1__53x69,5.11E-02,8.96E-02,4.62E-02,1.06E-01,2.76E-01,9.14E-02,6.90E-02,9.54E-02,1.04E-01,2.66E-02,4.42E-02
AAGCCGAAGCGGTTTA.1__49x107,1.02E-01,1.88E-01,3.34E-02,5.86E-02,4.51E-02,9.66E-02,1.08E-01,1.38E-01,1.16E-01,2.52E-02,8.79E-02
AAGCGCAGGGCTTTGA.1__67x73,8.60E-02,2.00E-01,4.05E-02,8.39E-02,5.98E-02,9.57E-02,9.02E-02,1.20E-01,1.04E-01,1.94E-02,1.00E-01
AAGCGTCCCTCATCGA.1__57x35,1.15E-01,2.18E-01,4.82E-02,7.20E-02,4.04E-02,6.78E-02,9.80E-02,9.79E-02,1.26E-01,1.71E-02,9.93E-02
AAGCTAGATCGAGTAA.1__50x68,9.02E-02,1.82E-01,3.82E-02,7.85E-02,7.87E-02,8.89E-02,7.03E-02,1.23E-01,1.30E-01,2.27E-02,9.82E-02
AAGCTCGTGCCAAGTC.1__35x73,8.38E-02,1.24E-01,4.41E-02,6.86E-02,4.86E-02,1.07E-01,1.30E-01,1.21E-01,1.03E-01,2.82E-02,1.42E-01
AAGCTCTTTCATGGTG.1__57x81,8.45E-02,1.17E-01,4.45E-02,6.45E-02,8.55E-02,1.25E-01,1.32E-01,1.06E-01,1.15E-01,2.71E-02,9.89E-02
AAGGAGCGGTTGGTGC.1__28x48,8.08E-02,1.97E-01,4.10E-02,6.30E-02,4.15E-02,9.84E-02,1.00E-01,1.28E-01,9.91E-02,1.95E-02,1.32E-01
AAGGATCGATCGCTTG.1__39x109,5.47E-02,1.33E-01,3.67E-02,5.18E-02,3.57E-02,9.52E-02,1.77E-01,1.12E-01,9.54E-02,2.76E-02,1.81E-01
AAGGATGAGGGACCTC.1__27x87,9.13E-02,1.95E-01,5.10E-02,7.66E-02,6.24E-02,1.05E-01,1.05E-01,9.23E-02,1.04E-01,2.04E-02,9.68E-02
AAGGCGCGTAAAGCTT.1__24x38,1.96E-01,9.71E-02,6.20E-02,7.79E-02,3.47E-02,9.30E-02,1.18E-01,1.11E-01,8.09E-02,3.25E-02,9.64E-02
AAGGCTGTGCTCATCG.1__30x46,6.50E-02,1.17E-01,4.13E-02,6.02E-02,4.43E-02,1.24E-01,1.30E-01,1.19E-01,1.11E-01,2.79E-02,1.59E-01
AAGGGACAGATTCTGT.1__26x92,8.78E-02,1.11E-01,5.40E-02,8.94E-02,1.53E-01,7.62E-02,7.58E-02,1.35E-01,1.09E-01,2.98E-02,7.89E-02
AAGGGACTATGCATTC.1__60x26,7.46E-02,7.07E-02,6.28E-02,8.68E-02,1.40E-01,1.31E-01,9.14E-02,1.13E-01,1.25E-01,3.12E-02,7.35E-02
AAGGTATCCTAATATA.1__25x81,5.32E-02,1.42E-01,4.19E-02,3.31E-02,2.44E-02,9.51E-02,1.59E-01,6.63E-02,7.96E-02,1.93E-02,2.86E-01
AAGGTGATAAACCAGC.1__44x92,5.22E-02,8.38E-02,4.68E-02,9.00E-02,1.17E-01,9.82E-02,1.16E-01,8.25E-02,2.14E-01,2.43E-02,7.50E-02
AAGTAGAAGACCGGGT.1__19x47,9.59E-02,1.23E-01,4.86E-02,6.50E-02,7.27E-02,1.38E-01,1.08E-01,1.27E-01,1.04E-01,3.14E-02,8.62E-02
AAGTAGTGACGCGAGG.1__33x31,9.81E-02,1.08E-01,6.13E-02,7.30E-02,3.75E-02,1.18E-01,1.42E-01,1.08E-01,8.98E-02,3.06E-02,1.34E-01
AAGTCAATTGTCGTCA.1__45x101,6.55E-02,9.84E-02,5.77E-02,7.34E-02,1.64E-01,6.48E-02,9.57E-02,1.02E-01,1.48E-01,2.93E-02,1.01E-01
AAGTGACGACCGAATT.1__41x25,1.03E-01,2.00E-01,4.31E-02,1.01E-01,4.93E-02,1.09E-01,7.62E-02,1.28E-01,9.90E-02,1.55E-02,7.72E-02
AAGTGAGTCGGGTTTA.1__62x48,9.07E-02,1.28E-01,8.83E-02,7.38E-02,5.49E-02,1.35E-01,1.48E-01,6.60E-02,9.00E-02,2.79E-02,9.70E-02
AAGTGCCTTGACTGTA.1__44x104,7.99E-02,1.56E-01,5.38E-02,7.06E-02,6.65E-02,1.04E-01,1.20E-01,1.14E-01,1.03E-01,2.56E-02,1.07E-01
AAGTGCGTTAGAATCT.1__49x27,8.02E-02,1.64E-01,4.70E-02,8.62E-02,6.87E-02,1.04E-01,7.38E-02,1.32E-01,1.39E-01,2.02E-02,8.47E-02
AAGTGTTTGGAGACGG.1__52x80,8.16E-02,1.43E-01,5.37E-02,8.86E-02,9.96E-02,8.71E-02,8.07E-02,1.51E-01,9.29E-02,2.43E-02,9.71E-02
AAGTTCACTCCAAGCT.1__57x85,7.31E-02,1.40E-01,2.22E-02,4.32E-02,3.57E-02,1.33E-01,1.39E-01,1.19E-01,9.49E-02,2.41E-02,1.75E-01
AAGTTCAGTCTGCGTA.1__18x104,1.97E-01,1.54E-01,5.04E-02,7.77E-02,3.09E-02,9.94E-02,6.58E-02,1.39E-01,8.51E-02,2.10E-02,7.93E-02
AAGTTCGGCCAACAGG.1__46x34,1.14E-01,8.43E-02,9.04E-02,8.89E-02,7.78E-02,1.03E-01,1.05E-01,1.24E-01,1.00E-01,4.04E-02,7.18E-02
AAGTTTATGGGCCCAA.1__68x70,9.37E-02,1.94E-01,4.62E-02,8.90E-02,6.16E-02,1.03E-01,8.97E-02,1.24E-01,1.03E-01,1.93E-02,7.76E-02
AATAACAACGCTCGGC.1__36x30,5.18E-02,1.15E-01,4.33E-02,5.74E-02,4.39E-02,1.03E-01,1.88E-01,1.05E-01,8.36E-02,2.87E-02,1.80E-01
AATAACACTAGAACAA.1__52x38,8.79E-02,1.02E-01,5.99E-02,1.12E-01,1.34E-01,1.15E-01,8.58E-02,1.19E-01,9.66E-02,2.93E-02,5.79E-02
AATACCGGAGGGCTGT.1__67x37,1.11E-01,5.10E-02,8.39E-02,7.44E-02,1.18E-01,1.02E-01,1.03E-01,1.47E-01,8.76E-02,4.87E-02,7.29E-02
AATAGAACAGAGTGGC.1__52x46,7.98E-02,1.47E-01,5.14E-02,7.48E-02,1.08E-01,9.66E-02,9.28E-02,1.15E-01,1.41E-01,2.45E-02,6.89E-02
AATAGAATCTGTTTCA.1__48x86,6.39E-02,8.87E-02,6.05E-02,8.13E-02,1.38E-01,8.88E-02,9.86E-02,8.97E-02,1.86E-01,2.54E-02,7.96E-02
AATATCAAGGTCGGAT.1__8x42,1.11E-01,1.24E-01,4.84E-02,7.36E-02,5.83E-02,9.33E-02,1.19E-01,1.55E-01,9.65E-02,3.46E-02,8.56E-02
AATATCGAATCAATGC.1__49x109,1.08E-01,2.25E-01,3.96E-02,6.62E-02,3.86E-02,1.03E-01,1.09E-01,9.77E-02,1.01E-01,1.87E-02,9.31E-02
AATATCGAGGGTTCTC.1__27x101,8.93E-02,1.18E-01,5.26E-02,9.24E-02,4.93E-02,8.48E-02,9.83E-02,1.26E-01,1.48E-01,2.49E-02,1.18E-01
AATATTGGAGTATTGA.1__36x22,1.63E-01,7.20E-02,6.57E-02,1.14E-01,4.81E-02,1.22E-01,1.06E-01,1.46E-01,7.02E-02,3.68E-02,5.67E-02
AATCATGTAAAGACTC.1__54x98,1.25E-01,1.06E-01,5.54E-02,7.28E-02,5.90E-02,7.69E-02,1.20E-01,8.13E-02,2.08E-01,2.35E-02,7.16E-02
AATCCAAGGGCCTGAG.1__13x47,9.52E-02,1.25E-01,3.94E-02,5.12E-02,3.98E-02,9.77E-02,1.40E-01,1.35E-01,1.08E-01,3.06E-02,1.38E-01
AATCGCCTCAGCGCCA.1__39x79,9.27E-02,1.50E-01,4.48E-02,8.44E-02,7.68E-02,9.15E-02,8.98E-02,1.39E-01,1.22E-01,2.73E-02,8.21E-02
AATCGCGCAGAGGACT.1__42x114,4.86E-02,1.59E-01,2.97E-02,3.69E-02,2.63E-02,9.85E-02,1.14E-01,1.02E-01,1.01E-01,2.08E-02,2.65E-01
AATCGGGACACTACGA.1__8x60,8.40E-02,1.56E-01,4.87E-02,6.74E-02,5.34E-02,9.50E-02,9.63E-02,1.11E-01,1.22E-01,2.48E-02,1.41E-01
AATCGTGAGCCGAGCA.1__67x83,8.73E-02,7.25E-02,9.72E-02,8.33E-02,1.22E-01,8.48E-02,1.19E-01,2.29E-01,3.73E-02,3.07E-02,3.71E-02
AATCTAGGTTTACTTG.1__52x16,1.09E-01,5.64E-02,5.18E-02,9.52E-02,6.58E-02,1.42E-01,1.03E-01,1.79E-01,1.05E-01,4.12E-02,5.17E-02
AATCTATGCCGGAGCC.1__26x110,1.03E-01,6.44E-02,7.97E-02,8.51E-02,1.65E-01,6.38E-02,6.83E-02,1.34E-01,1.16E-01,3.58E-02,8.54E-02
AATCTCTACTGTGGTT.1__38x10,8.94E-02,1.14E-01,4.55E-02,1.09E-01,5.70E-02,1.06E-01,8.27E-02,1.41E-01,1.57E-01,2.37E-02,7.49E-02
AATCTGCGTTGGGACG.1__32x92,7.12E-02,9.86E-02,5.62E-02,8.01E-02,6.61E-02,1.01E-01,8.35E-02,1.15E-01,2.04E-01,2.79E-02,9.68E-02
AATCTGGCTTTCTAGT.1__51x15,3.51E-02,9.38E-02,3.74E-02,1.19E-01,3.21E-01,8.36E-02,4.66E-02,9.91E-02,1.09E-01,2.04E-02,3.49E-02
AATGACAGCAATGTCT.1__48x30,7.22E-02,1.70E-01,4.05E-02,1.03E-01,1.15E-01,8.18E-02,6.42E-02,1.17E-01,1.35E-01,2.03E-02,8.07E-02
AATGACGTAGGATGTC.1__44x78,9.61E-02,1.18E-01,4.82E-02,7.23E-02,5.38E-02,1.12E-01,1.40E-01,1.18E-01,1.09E-01,3.07E-02,1.03E-01
AATGACTGTCAGCCGG.1__23x47,7.44E-02,1.23E-01,3.99E-02,7.03E-02,5.19E-02,1.03E-01,1.09E-01,1.30E-01,1.18E-01,2.67E-02,1.54E-01
AATGATGATACGCTAT.1__23x93,7.95E-02,1.25E-01,5.93E-02,8.26E-02,1.19E-01,7.00E-02,7.70E-02,1.44E-01,1.00E-01,2.94E-02,1.14E-01
AATGATGCGACTCCTG.1__25x101,5.26E-02,8.54E-02,4.06E-02,9.53E-02,2.31E-01,9.86E-02,5.39E-02,1.34E-01,1.35E-01,2.53E-02,4.79E-02
AATGCAACCGGGTACC.1__25x59,9.17E-02,1.36E-01,4.59E-02,8.02E-02,6.20E-02,1.08E-01,9.88E-02,1.27E-01,1.34E-01,2.42E-02,9.26E-02
AATGCACCAAGCAATG.1__19x97,1.04E-01,1.93E-01,4.19E-02,5.83E-02,4.30E-02,1.12E-01,9.98E-02,1.24E-01,1.01E-01,2.12E-02,1.03E-01
AATGGTCCACCGTTCA.1__30x16,8.12E-02,2.54E-02,4.29E-02,1.10E-01,5.82E-02,1.76E-01,1.30E-01,2.16E-01,6.54E-02,5.77E-02,3.73E-02
AATGGTTCTCACAAGC.1__19x35,4.60E-02,1.38E-01,2.73E-02,3.41E-02,2.76E-02,1.02E-01,1.69E-01,8.89E-02,9.36E-02,2.18E-02,2.53E-01
AATGTGCCCGAGGTGT.1__55x27,4.35E-02,8.57E-02,3.88E-02,9.34E-02,1.55E-01,8.84E-02,6.52E-02,9.11E-02,2.16E-01,2.48E-02,9.82E-02
AATTAAAGGTCGGCGT.1__40x50,6.38E-02,1.25E-01,5.19E-02,5.60E-02,4.00E-02,1.06E-01,1.34E-01,1.12E-01,1.00E-01,2.58E-02,1.85E-01
AATTAGCGCTGCAGCG.1__51x63,8.54E-02,1.94E-01,4.68E-02,6.29E-02,7.16E-02,8.07E-02,9.45E-02,1.32E-01,1.16E-01,1.98E-02,9.64E-02
AATTCATAAGGGATCT.1__23x91,6.93E-02,1.73E-01,4.83E-02,5.02E-02,3.32E-02,1.10E-01,1.35E-01,8.87E-02,8.64E-02,2.08E-02,1.84E-01
AATTCCAAGCATGTAC.1__66x58,6.67E-02,1.47E-01,1.91E-02,4.13E-02,2.33E-02,1.11E-01,1.37E-01,1.45E-01,7.74E-02,2.39E-02,2.07E-01
AATTCGATTCGAGGAT.1__66x76,1.32E-01,1.42E-01,5.41E-02,9.50E-02,4.73E-02,1.06E-01,1.05E-01,1.03E-01,8.46E-02,2.26E-02,1.10E-01
AATTCTAGAGTTAGGC.1__49x63,6.21E-02,1.42E-01,5.54E-02,4.41E-02,3.16E-02,1.15E-01,1.27E-01,1.02E-01,8.51E-02,2.33E-02,2.12E-01
AATTGAACGCTCTGGT.1__45x83,4.12E-02,7.25E-02,5.86E-02,7.59E-02,2.86E-01,6.21E-02,8.94E-02,7.85E-02,1.50E-01,2.53E-02,6.03E-02
AATTTGGGACATAGTA.1__13x91,7.13E-02,1.23E-01,4.96E-02,5.35E-02,3.54E-02,9.49E-02,1.77E-01,1.01E-01,9.04E-02,2.81E-02,1.76E-01
AATTTGGTTCCAAAGA.1__11x67,5.59E-02,9.63E-02,8.59E-02,8.50E-02,7.24E-02,9.92E-02,7.22E-02,1.26E-01,1.82E-01,2.76E-02,9.73E-02
ACAAATCGCACCGAAT.1__50x82,8.57E-02,1.40E-01,2.46E-02,4.79E-02,3.73E-02,1.37E-01,1.50E-01,1.19E-01,8.58E-02,2.71E-02,1.46E-01
ACAAATGGTAGTGTTT.1__44x84,6.46E-02,1.01E-01,5.92E-02,7.64E-02,1.72E-01,7.43E-02,9.31E-02,1.07E-01,1.42E-01,2.72E-02,8.35E-02
ACAACAGCATGAGCTA.1__32x72,7.79E-02,9.53E-02,5.00E-02,8.85E-02,1.66E-01,7.99E-02,7.01E-02,1.56E-01,1.02E-01,3.02E-02,8.46E-02
ACAACGGTCCCTGCGA.1__22x30,1.01E-01,9.61E-02,6.52E-02,9.83E-02,9.37E-02,1.04E-01,9.03E-02,1.30E-01,1.06E-01,3.53E-02,7.95E-02
ACAAGCAGTGCCTAGC.1__30x26,1.15E-01,8.73E-02,9.85E-02,1.14E-01,8.05E-02,1.62E-01,9.68E-02,8.99E-02,6.11E-02,4.47E-02,4.99E-02
ACAAGGAAATCCGCCC.1__49x75,1.19E-01,1.27E-01,5.43E-02,7.45E-02,5.97E-02,9.23E-02,1.23E-01,1.26E-01,9.55E-02,2.90E-02,1.01E-01
ACAAGGACAAGAGGTT.1__29x37,8.36E-02,7.92E-02,5.48E-02,1.07E-01,1.28E-01,1.33E-01,7.93E-02,1.55E-01,9.57E-02,3.66E-02,4.78E-02
ACAAGGATGCTTTAGG.1__61x87,1.85E-01,9.47E-02,6.72E-02,1.03E-01,7.55E-02,9.45E-02,7.48E-02,1.21E-01,9.75E-02,3.05E-02,5.73E-02
ACAAGGGCAGGCTCTG.1__44x76,9.98E-02,1.52E-01,4.21E-02,6.77E-02,4.43E-02,1.03E-01,1.25E-01,1.27E-01,9.81E-02,2.59E-02,1.14E-01
ACAATAGTCGTACGTT.1__42x20,8.33E-02,2.31E-01,4.86E-02,1.21E-01,4.95E-02,8.22E-02,5.98E-02,1.19E-01,8.95E-02,1.18E-02,1.04E-01
ACAATCCATTTAAACC.1__36x32,5.24E-02,1.37E-01,3.66E-02,4.28E-02,3.41E-02,9.57E-02,1.57E-01,1.03E-01,9.26E-02,2.38E-02,2.25E-01
ACAATGAATACGGAGA.1__57x31,6.55E-02,1.19E-01,1.46E-02,3.49E-02,1.88E-02,1.09E-01,1.36E-01,1.49E-01,9.72E-02,2.37E-02,2.32E-01
ACAATTGTGTCTCTTT.1__51x97,7.74E-02,1.22E-01,4.83E-02,7.79E-02,7.66E-02,8.54E-02,1.14E-01,8.17E-02,2.14E-01,2.22E-02,8.11E-02
ACAATTTGAGCAGTGG.1__28x82,7.87E-02,1.10E-01,5.89E-02,1.04E-01,1.60E-01,8.18E-02,7.42E-02,1.19E-01,1.06E-01,3.07E-02,7.60E-02
ACACAAAGACGGGTGG.1__24x56,8.94E-02,9.55E-02,4.99E-02,9.50E-02,9.33E-02,1.27E-01,1.07E-01,1.27E-01,1.20E-01,3.51E-02,6.11E-02
ACACACCAGGACCAGT.1__44x90,6.21E-02,8.88E-02,4.87E-02,1.05E-01,9.67E-02,7.22E-02,1.07E-01,1.03E-01,2.10E-01,2.71E-02,7.97E-02
ACACACTTTCTACACG.1__14x64,8.54E-02,1.08E-01,6.21E-02,6.71E-02,3.61E-02,1.10E-01,1.14E-01,1.17E-01,9.01E-02,2.90E-02,1.80E-01
ACACCCAGCATGCAGC.1__24x50,8.83E-02,1.41E-01,4.24E-02,7.01E-02,5.42E-02,1.10E-01,1.10E-01,1.21E-01,1.28E-01,2.62E-02,1.10E-01
ACACCCGAGAAATCCG.1__19x39,4.21E-02,1.05E-01,2.54E-02,3.68E-02,2.97E-02,1.12E-01,2.09E-01,1.07E-01,8.47E-02,2.67E-02,2.23E-01
ACACCTTAAGTAGGGC.1__25x43,1.20E-01,8.53E-02,4.89E-02,9.00E-02,5.78E-02,1.35E-01,1.22E-01,1.32E-01,9.39E-02,3.81E-02,7.68E-02
ACACCTTACTACTTGC.1__41x111,4.75E-02,1.42E-01,4.13E-02,3.75E-02,2.74E-02,1.02E-01,1.24E-01,9.56E-02,9.35E-02,2.17E-02,2.69E-01
ACACGAGACTCCTTCT.1__31x71,1.09E-01,1.10E-01,6.57E-02,8.76E-02,8.36E-02,1.05E-01,1.07E-01,1.18E-01,9.84E-02,3.26E-02,8.31E-02
ACACGGGAACTTAGGG.1__27x71,7.26E-02,1.19E-01,5.05E-02,6.56E-02,1.15E-01,1.02E-01,1.15E-01,1.24E-01,1.19E-01,2.72E-02,8.94E-02
ACACTGATCAAGGTGT.1__52x48,9.44E-02,1.40E-01,5.59E-02,8.15E-02,1.01E-01,9.18E-02,8.27E-02,1.27E-01,1.23E-01,2.55E-02,7.78E-02
ACAGAACTGAGAACAA.1__52x24,5.38E-02,1.11E-01,5.87E-02,8.50E-02,2.28E-01,6.84E-02,9.18E-02,9.21E-02,1.25E-01,2.61E-02,5.96E-02
ACAGATTAGGTTAGTG.1__7x57,9.81E-02,1.63E-01,6.84E-02,6.27E-02,5.77E-02,1.12E-01,1.11E-01,1.07E-01,1.06E-01,2.55E-02,8.94E-02
ACAGCATAGAGCCAGT.1__10x58,1.05E-01,1.23E-01,4.45E-02,8.94E-02,5.90E-02,1.08E-01,9.09E-02,1.37E-01,1.29E-01,2.67E-02,8.83E-02
ACAGCGACATTCTCAT.1__59x99,1.02E-01,2.48E-01,4.72E-02,7.70E-02,5.67E-02,7.43E-02,1.16E-01,8.98E-02,9.62E-02,1.64E-02,7.72E-02
ACAGCGCACCCGCAGC.1__10x80,9.47E-02,1.38E-01,6.62E-02,7.29E-02,4.22E-02,9.73E-02,1.16E-01,1.21E-01,1.02E-01,2.59E-02,1.24E-01
ACAGGTGGAGGTGAGG.1__51x39,5.16E-02,6.06E-02,6.50E-02,7.93E-02,2.62E-01,7.20E-02,8.11E-02,9.49E-02,1.39E-01,3.14E-02,6.28E-02
ACAGTAATACAACTTG.1__46x14,1.53E-01,8.61E-02,9.96E-02,1.01E-01,6.66E-02,1.04E-01,8.57E-02,1.15E-01,9.39E-02,3.18E-02,6.34E-02
ACATAATAAGGCGGTG.1__21x63,4.82E-02,1.11E-01,3.40E-02,3.99E-02,2.79E-02,9.63E-02,1.93E-01,8.83E-02,8.30E-02,2.42E-02,2.54E-01
ACATCAGCTGGGACGC.1__32x12,7.77E-02,7.53E-02,5.75E-02,8.61E-02,5.72E-02,1.35E-01,1.22E-01,1.56E-01,1.08E-01,3.72E-02,8.78E-02
ACATCCCGGCCATACG.1__55x57,7.62E-02,1.17E-01,3.39E-02,4.87E-02,3.40E-02,1.12E-01,1.56E-01,1.41E-01,1.09E-01,2.72E-02,1.45E-01
ACATCCTGGTAACTGT.1__42x102,7.45E-02,1.42E-01,5.52E-02,7.46E-02,6.61E-02,1.02E-01,1.16E-01,1.14E-01,1.17E-01,2.68E-02,1.12E-01
ACATCGATCGTTTACC.1__42x62,7.59E-02,1.78E-01,3.95E-02,5.89E-02,5.16E-02,1.13E-01,1.16E-01,1.23E-01,1.05E-01,2.12E-02,1.17E-01
ACATCGGTCAGCCGCG.1__41x37,7.80E-02,1.14E-01,5.38E-02,7.37E-02,5.73E-02,1.14E-01,1.54E-01,9.38E-02,1.05E-01,3.02E-02,1.25E-01
ACATCGTATGCAATGG.1__45x81,9.36E-02,7.93E-02,7.80E-02,9.11E-02,1.76E-01,6.10E-02,6.36E-02,1.14E-01,1.28E-01,3.14E-02,8.43E-02
ACATCGTTAACCTAGT.1__9x75,1.03E-01,4.58E-02,5.84E-02,1.15E-01,6.92E-02,1.48E-01,1.07E-01,1.76E-01,7.83E-02,4.90E-02,5.04E-02
ACATGGCGCCAAAGTA.1__40x104,5.86E-02,1.33E-01,4.71E-02,4.45E-02,2.60E-02,1.01E-01,1.31E-01,8.73E-02,8.02E-02,2.26E-02,2.69E-01
ACATTAGTTTATATCC.1__51x61,9.89E-02,1.73E-01,5.32E-02,1.00E-01,8.29E-02,1.03E-01,7.37E-02,1.23E-01,9.85E-02,2.19E-02,7.16E-02
ACCAACGCTTATTTAT.1__53x49,9.54E-02,1.63E-01,5.85E-02,7.08E-02,6.71E-02,1.09E-01,1.10E-01,1.08E-01,1.06E-01,2.36E-02,8.86E-02
ACCAAGAACGCGTGTC.1__17x49,6.77E-02,1.32E-01,2.59E-02,5.47E-02,4.33E-02,9.99E-02,1.32E-01,1.24E-01,1.45E-01,2.79E-02,1.48E-01
ACCAATATGCAAGTTA.1__56x78,1.24E-01,1.29E-01,3.79E-02,6.99E-02,5.69E-02,1.14E-01,9.23E-02,1.32E-01,1.11E-01,2.64E-02,1.07E-01
ACCACAAGTTTCTATC.1__30x54,6.26E-02,1.32E-01,4.14E-02,4.46E-02,2.65E-02,1.13E-01,1.31E-01,9.32E-02,8.72E-02,2.22E-02,2.46E-01
ACCACCAATGTAACAA.1__41x107,9.74E-02,7.65E-02,5.77E-02,7.84E-02,4.52E-02,1.34E-01,1.45E-01,1.28E-01,1.01E-01,4.09E-02,9.56E-02
ACCACGTGCAGCTATA.1__48x76,1.80E-01,9.31E-02,1.00E-01,8.84E-02,4.69E-02,9.99E-02,1.31E-01,8.09E-02,6.99E-02,3.36E-02,7.65E-02
ACCAGTGCGGGAGACG.1__48x94,4.95E-02,1.15E-01,4.79E-02,9.13E-02,1.89E-01,7.99E-02,8.14E-02,7.74E-02,1.83E-01,2.05E-02,6.50E-02
ACCATATCCGCAATAA.1__38x56,8.10E-02,1.07E-01,7.70E-02,9.63E-02,6.45E-02,1.09E-01,8.33E-02,1.07E-01,1.52E-01,2.62E-02,9.66E-02
ACCATCCGCCAACTAG.1__44x12,9.31E-02,2.51E-01,5.23E-02,9.82E-02,4.21E-02,9.55E-02,6.95E-02,1.08E-01,9.23E-02,1.13E-02,8.63E-02
ACCATCGTATATGGTA.1__42x42,6.29E-02,1.36E-01,6.19E-02,4.92E-02,3.65E-02,1.06E-01,1.26E-01,9.81E-02,1.03E-01,2.55E-02,1.95E-01
ACCCAACGCCCGTGGC.1__30x86,5.56E-02,1.31E-01,2.47E-02,4.34E-02,3.19E-02,9.46E-02,1.63E-01,1.38E-01,9.64E-02,2.73E-02,1.94E-01
ACCCACCTACATGCTC.1__25x25,1.07E-01,7.15E-02,5.51E-02,9.78E-02,7.73E-02,1.35E-01,1.08E-01,1.52E-01,9.70E-02,3.87E-02,6.07E-02
ACCCATTTGTCCCTCT.1__60x100,8.87E-03,2.90E-02,1.81E-02,9.59E-02,6.28E-01,7.07E-02,2.93E-02,4.24E-02,5.84E-02,8.79E-03,1.08E-02
ACCCGAGCGAAATTAC.1__61x29,8.78E-02,5.03E-02,4.14E-02,7.80E-02,7.08E-02,1.15E-01,2.18E-01,6.80E-02,1.50E-01,3.53E-02,8.54E-02
ACCCGGAAACTCCCAG.1__57x65,7.75E-02,1.19E-01,2.20E-02,4.64E-02,2.83E-02,1.07E-01,1.67E-01,1.47E-01,9.47E-02,2.85E-02,1.62E-01
ACCCGGATGACGCATC.1__38x100,5.83E-02,1.39E-01,3.23E-02,3.43E-02,1.95E-02,1.08E-01,1.28E-01,8.76E-02,7.46E-02,1.97E-02,2.99E-01
ACCCGGTTACACTTCC.1__42x48,6.68E-02,1.22E-01,4.74E-02,5.25E-02,4.08E-02,1.17E-01,1.32E-01,1.22E-01,9.69E-02,2.71E-02,1.75E-01
ACCCGTGTCATCAGTA.1__58x54,8.56E-02,1.09E-01,4.96E-02,7.72E-02,3.57E-02,1.08E-01,1.05E-01,1.00E-01,1.28E-01,2.93E-02,1.72E-01
ACCCTCCCTTGCTATT.1__48x84,7.57E-02,7.70E-02,5.98E-02,8.58E-02,1.88E-01,7.98E-02,9.35E-02,1.01E-01,1.34E-01,3.11E-02,7.41E-02
ACCCTTCATCTGCGAA.1__13x65,5.91E-02,1.28E-01,4.15E-02,4.74E-02,3.16E-02,1.16E-01,1.47E-01,1.06E-01,9.05E-02,2.50E-02,2.09E-01
ACCGAAAGGGCCCTGC.1__9x53,8.64E-02,1.97E-01,4.19E-02,6.67E-02,6.03E-02,1.05E-01,8.29E-02,1.17E-01,1.35E-01,1.88E-02,8.89E-02
ACCGACTGAGTCCCAC.1__28x66,6.18E-02,1.00E-01,5.63E-02,1.06E-01,1.84E-01,9.48E-02,7.45E-02,9.44E-02,1.20E-01,2.80E-02,8.01E-02
ACCGATGGTAGCATCG.1__36x92,8.48E-02,1.40E-01,5.63E-02,8.51E-02,5.38E-02,1.12E-01,9.49E-02,1.28E-01,1.25E-01,2.51E-02,9.62E-02
ACCGCGGTGGAAGTCG.1__44x106,4.44E-02,1.32E-01,3.80E-02,4.22E-02,3.35E-02,1.00E-01,1.68E-01,1.00E-01,9.35E-02,2.55E-02,2.23E-01
ACCGGGCCTTTGTTGA.1__46x98,5.18E-02,1.10E-01,3.50E-02,5.66E-02,1.65E-01,1.00E-01,9.40E-02,1.03E-01,2.07E-01,2.24E-02,5.51E-02
ACCTAAGTACCTTTCA.1__50x30,7.36E-02,1.04E-01,5.72E-02,8.93E-02,1.65E-01,6.98E-02,7.01E-02,1.41E-01,1.24E-01,2.89E-02,7.69E-02
ACCTAATCGACTTCCT.1__32x30,9.94E-02,8.19E-02,7.55E-02,7.70E-02,1.01E-01,9.89E-02,9.23E-02,1.71E-01,8.31E-02,3.72E-02,8.28E-02
ACCTACAGTATGTGGT.1__41x113,4.94E-02,1.55E-01,3.58E-02,3.33E-02,2.67E-02,1.02E-01,1.35E-01,9.77E-02,9.78E-02,2.17E-02,2.46E-01
ACCTACTATAAATCTA.1__68x58,9.49E-02,1.85E-01,4.19E-02,6.70E-02,3.49E-02,9.24E-02,1.34E-01,9.73E-02,9.51E-02,2.04E-02,1.38E-01
ACCTCCGTTATTCACC.1__34x112,9.48E-02,1.36E-01,5.89E-02,6.53E-02,1.21E-01,6.40E-02,8.70E-02,1.33E-01,1.29E-01,3.00E-02,8.08E-02
ACCTGCGTGTCATGTT.1__46x18,8.72E-02,1.62E-01,3.31E-02,7.23E-02,7.60E-02,9.64E-02,9.04E-02,1.17E-01,1.69E-01,2.12E-02,7.44E-02
ACGAAATGGGCGGCAC.1__32x24,7.86E-02,9.66E-02,6.13E-02,9.16E-02,8.86E-02,1.34E-01,8.31E-02,1.61E-01,8.95E-02,2.91E-02,8.58E-02
ACGACTGGTCATACTC.1__64x34,8.90E-02,8.47E-02,7.24E-02,8.76E-02,1.33E-01,8.82E-02,8.21E-02,1.66E-01,8.49E-02,3.88E-02,7.37E-02
ACGAGATATTTGCTTA.1__9x81,9.76E-02,1.54E-01,5.27E-02,7.90E-02,6.41E-02,1.31E-01,9.15E-02,1.28E-01,1.02E-01,2.42E-02,7.63E-02
ACGAGGATACCACTCT.1__50x18,6.68E-02,6.22E-02,5.53E-02,1.16E-01,1.59E-01,1.26E-01,8.60E-02,1.34E-01,1.02E-01,3.95E-02,5.39E-02
ACGAGTACGGATGCCC.1__28x104,9.54E-02,1.18E-01,5.12E-02,8.79E-02,5.98E-02,1.03E-01,1.10E-01,1.16E-01,1.56E-01,2.54E-02,7.72E-02
ACGATACATAGAACTA.1__22x80,6.77E-02,1.38E-01,3.35E-02,4.20E-02,2.61E-02,1.25E-01,1.38E-01,1.13E-01,8.29E-02,2.31E-02,2.12E-01
ACGATCATACATAGAG.1__25x63,7.53E-02,1.46E-01,4.80E-02,6.53E-02,6.75E-02,1.23E-01,1.07E-01,1.27E-01,1.19E-01,2.44E-02,9.82E-02
ACGATCATCTTGTAAA.1__36x102,4.95E-02,7.07E-02,7.06E-02,9.41E-02,8.23E-02,9.10E-02,7.14E-02,9.04E-02,2.80E-01,2.34E-02,7.61E-02
ACGATGCATATGTTAT.1__37x43,6.33E-02,1.24E-01,5.01E-02,4.95E-02,4.00E-02,1.19E-01,1.58E-01,1.08E-01,9.10E-02,2.68E-02,1.70E-01
ACGATGGATCCGATGC.1__10x70,6.82E-02,8.65E-02,8.81E-02,7.75E-02,7.70E-02,1.43E-01,9.57E-02,1.24E-01,1.16E-01,3.20E-02,9.23E-02
ACGCAATCACTACAGC.1__25x109,8.41E-02,1.35E-01,5.63E-02,9.21E-02,1.54E-01,8.37E-02,8.24E-02,9.57E-02,1.26E-01,2.74E-02,6.37E-02
ACGCATACGTTTACTA.1__56x102,6.98E-02,1.12E-01,2.91E-02,4.96E-02,3.80E-02,9.28E-02,1.56E-01,1.10E-01,1.14E-01,2.72E-02,2.02E-01
ACGCATTCGTGAGTAC.1__33x61,7.34E-02,1.33E-01,3.21E-02,4.69E-02,2.81E-02,1.19E-01,1.63E-01,1.11E-01,7.15E-02,2.54E-02,1.97E-01
ACGCCAGATGATTTCT.1__17x73,6.33E-02,1.15E-01,4.78E-02,5.18E-02,3.12E-02,1.13E-01,1.59E-01,1.01E-01,8.80E-02,2.68E-02,2.03E-01
ACGCCGCTAGACGACC.1__43x71,7.34E-02,1.31E-01,3.52E-02,4.90E-02,3.80E-02,1.17E-01,1.38E-01,1.35E-01,9.77E-02,2.66E-02,1.59E-01
ACGCGAAGTCAGACGA.1__49x59,9.10E-02,8.92E-02,5.73E-02,1.12E-01,1.05E-01,1.10E-01,8.76E-02,1.33E-01,1.20E-01,3.42E-02,6.06E-02
ACGCGCTACACAGGGT.1__41x31,7.20E-02,1.19E-01,6.00E-02,6.30E-02,3.95E-02,9.82E-02,1.45E-01,1.23E-01,9.63E-02,3.04E-02,1.54E-01
ACGCGGGCCAAGGACA.1__34x62,7.15E-02,1.25E-01,3.28E-02,4.83E-02,2.78E-02,1.25E-01,1.48E-01,1.33E-01,8.09E-02,2.76E-02,1.79E-01
ACGCTAGTGATACACT.1__28x100,6.58E-02,8.05E-02,7.38E-02,9.97E-02,8.30E-02,8.37E-02,7.46E-02,1.15E-01,2.11E-01,2.72E-02,8.64E-02
ACGCTGTGAGGCGTAG.1__39x13,1.34E-01,9.49E-02,4.68E-02,1.09E-01,4.39E-02,1.23E-01,9.56E-02,1.45E-01,1.11E-01,2.92E-02,6.88E-02
ACGGAATTTAGCAAAT.1__15x27,7.78E-02,4.70E-02,8.55E-02,9.79E-02,2.06E-01,1.05E-01,8.44E-02,1.05E-01,9.30E-02,4.44E-02,5.39E-02
ACGGACTCTCAAAGCG.1__61x75,8.24E-02,1.37E-01,2.56E-02,4.26E-02,3.09E-02,1.43E-01,1.53E-01,1.12E-01,6.56E-02,2.49E-02,1.83E-01
ACGGATGGTGCGGATA.1__57x79,8.41E-02,1.01E-01,3.73E-02,1.00E-01,9.35E-02,1.00E-01,8.41E-02,1.21E-01,1.35E-01,2.72E-02,1.16E-01
ACGGCACTTGCTTGGG.1__52x60,7.14E-02,1.32E-01,4.64E-02,1.00E-01,1.26E-01,1.02E-01,6.30E-02,1.39E-01,1.19E-01,2.43E-02,7.65E-02
ACGGCCAACATGGACT.1__53x55,1.02E-01,1.12E-01,6.38E-02,8.30E-02,1.01E-01,8.44E-02,8.30E-02,1.50E-01,9.56E-02,3.37E-02,9.13E-02
ACGGCGACGATGGGAA.1__49x77,9.11E-02,1.50E-01,4.42E-02,6.05E-02,6.96E-02,1.31E-01,1.26E-01,1.13E-01,9.66E-02,2.35E-02,9.41E-02
ACGGGAGTGTCGGCCC.1__47x25,2.98E-01,7.35E-02,7.85E-02,1.03E-01,4.34E-02,1.08E-01,6.13E-02,9.64E-02,6.07E-02,2.99E-02,4.64E-02
ACGTACAGATTTCTCT.1__10x66,7.04E-02,1.13E-01,6.64E-02,8.21E-02,8.92E-02,1.02E-01,9.18E-02,1.26E-01,1.50E-01,2.79E-02,8.16E-02
ACGTAGATTGCTGATG.1__33x67,8.75E-02,1.09E-01,6.43E-02,9.96E-02,5.94E-02,1.13E-01,9.21E-02,1.15E-01,1.55E-01,2.60E-02,7.86E-02
ACGTATTACTCCGATC.1__41x97,1.10E-01,1.60E-01,5.58E-02,9.13E-02,4.85E-02,9.43E-02,9.82E-02,1.19E-01,1.04E-01,2.20E-02,9.64E-02
ACGTGCGCCTCGTGCA.1__17x63,5.69E-02,1.35E-01,4.40E-02,4.43E-02,2.88E-02,1.06E-01,1.06E-01,1.28E-01,9.98E-02,2.28E-02,2.28E-01
ACGTTAATGTCGAAGA.1__41x69,1.98E-01,1.15E-01,8.14E-02,7.69E-02,3.26E-02,9.04E-02,1.14E-01,9.76E-02,8.00E-02,2.76E-02,8.64E-02
ACGTTAGATTTGCCCG.1__39x39,7.10E-02,1.03E-01,7.10E-02,8.58E-02,6.26E-02,1.20E-01,9.22E-02,1.16E-01,1.43E-01,2.87E-02,1.06E-01
ACGTTCCGCGCTCCGT.1__8x54,1.18E-01,1.15E-01,6.86E-02,7.88E-02,5.62E-02,1.01E-01,8.83E-02,1.27E-01,1.04E-01,2.92E-02,1.14E-01
ACGTTCGCAATCAATT.1__33x113,6.95E-02,1.31E-01,7.32E-02,6.69E-02,1.76E-01,7.25E-02,1.34E-01,6.54E-02,1.30E-01,2.38E-02,5.80E-02
ACGTTCGTTCAGGAAA.1__60x44,6.25E-02,1.31E-01,4.62E-02,7.75E-02,9.18E-02,1.03E-01,9.26E-02,1.29E-01,1.56E-01,2.58E-02,8.42E-02
ACGTTTAGTTGTGATC.1__14x68,5.77E-02,1.35E-01,4.44E-02,4.11E-02,2.41E-02,1.01E-01,1.30E-01,8.29E-02,8.30E-02,2.09E-02,2.80E-01
ACTACCAGCTCTCTGG.1__25x41,1.08E-01,1.07E-01,6.51E-02,7.55E-02,6.96E-02,1.38E-01,1.21E-01,1.17E-01,9.01E-02,3.31E-02,7.62E-02
ACTACGCGTTAGAATT.1__60x56,6.22E-02,7.34E-02,4.48E-02,6.16E-02,5.40E-02,8.28E-02,1.22E-01,2.10E-01,1.50E-01,3.65E-02,1.03E-01
ACTAGTTGCGATCGTC.1__50x104,7.92E-02,1.13E-01,2.19E-02,4.67E-02,3.23E-02,1.29E-01,1.45E-01,1.31E-01,9.13E-02,2.76E-02,1.83E-01
ACTATTCGTCCGTGGT.1__14x74,7.23E-02,1.26E-01,5.47E-02,5.64E-02,3.46E-02,1.13E-01,1.37E-01,9.62E-02,9.09E-02,2.60E-02,1.92E-01
ACTATTTCCGGGCCCA.1__59x41,6.84E-02,1.13E-01,4.27E-02,1.04E-01,8.90E-02,8.20E-02,1.06E-01,1.17E-01,1.58E-01,2.69E-02,9.27E-02
ACTCAAGTGCAAGGCT.1__60x86,7.39E-02,1.45E-01,4.96E-02,8.20E-02,1.46E-01,8.00E-02,1.05E-01,9.35E-02,1.35E-01,2.28E-02,6.76E-02
ACTCAATAAAGGCACG.1__25x69,8.06E-02,1.34E-01,4.32E-02,6.48E-02,5.62E-02,1.04E-01,1.10E-01,1.35E-01,1.30E-01,2.62E-02,1.16E-01
ACTCAGACCTGCTTCT.1__9x43,9.30E-02,1.52E-01,5.18E-02,6.72E-02,8.32E-02,1.06E-01,9.66E-02,1.35E-01,1.13E-01,2.53E-02,7.72E-02
ACTCCAATATCATCAT.1__63x29,7.75E-02,6.87E-02,5.26E-02,9.79E-02,1.02E-01,1.19E-01,1.19E-01,1.72E-01,9.12E-02,4.27E-02,5.74E-02
ACTCCCATTCCTAAAG.1__47x17,7.51E-02,1.51E-01,4.27E-02,1.16E-01,1.39E-01,8.97E-02,5.41E-02,1.19E-01,1.35E-01,2.11E-02,5.61E-02
ACTCCCGAATTCGTTT.1__32x104,7.54E-02,1.34E-01,3.02E-02,4.29E-02,3.10E-02,1.34E-01,1.47E-01,1.12E-01,9.93E-02,2.63E-02,1.68E-01
ACTCCCTAATGCTAAA.1__57x69,6.34E-02,1.21E-01,2.69E-02,4.96E-02,3.05E-02,1.08E-01,1.67E-01,1.43E-01,8.60E-02,2.88E-02,1.76E-01
ACTCCCTAGAATAGTA.1__48x70,6.14E-02,1.43E-01,3.41E-02,4.04E-02,2.97E-02,1.15E-01,1.57E-01,9.48E-02,8.38E-02,2.34E-02,2.17E-01
ACTCGTAACCCGTCCT.1__49x23,5.21E-02,1.57E-01,5.25E-02,8.24E-02,1.25E-01,9.07E-02,9.66E-02,1.12E-01,1.27E-01,2.15E-02,8.33E-02
ACTCGTCAGTAATCCC.1__36x78,6.02E-02,8.72E-02,4.99E-02,8.54E-02,2.17E-01,8.50E-02,7.25E-02,1.20E-01,1.27E-01,3.24E-02,6.32E-02
ACTCTCTGACTTAGGT.1__42x78,6.58E-02,1.46E-01,2.65E-02,3.93E-02,2.99E-02,1.27E-01,1.60E-01,1.23E-01,9.07E-02,2.52E-02,1.66E-01
ACTCTTGTATAGTAAC.1__36x70,8.43E-02,1.14E-01,5.01E-02,7.81E-02,6.04E-02,1.06E-01,8.44E-02,1.37E-01,1.63E-01,2.61E-02,9.56E-02
ACTGAAACGCCGTTAG.1__57x93,9.50E-02,2.76E-01,3.53E-02,9.09E-02,6.75E-02,8.46E-02,6.73E-02,1.02E-01,9.39E-02,1.34E-02,7.42E-02
ACTGAATGGCGAAAGT.1__47x83,8.02E-02,5.03E-02,8.94E-02,8.18E-02,1.95E-01,6.01E-02,8.00E-02,8.62E-02,1.39E-01,3.55E-02,1.03E-01
ACTGCCGTCGTAACTC.1__16x70,5.66E-02,1.30E-01,5.40E-02,4.31E-02,2.75E-02,1.09E-01,1.34E-01,8.12E-02,8.44E-02,2.16E-02,2.59E-01
ACTGTACGATACACAT.1__30x78,7.73E-02,9.82E-02,5.23E-02,9.02E-02,1.02E-01,1.52E-01,1.01E-01,1.17E-01,1.04E-01,3.21E-02,7.37E-02
ACTGTAGCACTTTGGA.1__27x39,7.50E-02,7.93E-02,6.54E-02,9.97E-02,1.50E-01,1.39E-01,1.00E-01,1.19E-01,8.44E-02,3.61E-02,5.23E-02
ACTGTATACGCGAGCA.1__10x36,1.30E-01,2.84E-02,6.21E-02,1.11E-01,5.97E-02,1.73E-01,1.22E-01,1.57E-01,6.74E-02,5.42E-02,3.47E-02
ACTGTCCAGGATTATA.1__33x55,6.96E-02,1.24E-01,3.71E-02,5.08E-02,3.11E-02,1.13E-01,1.25E-01,1.38E-01,8.30E-02,2.58E-02,2.03E-01
ACTGTCTTCTTTAGAA.1__30x64,6.74E-02,1.35E-01,4.16E-02,4.62E-02,4.02E-02,1.41E-01,1.58E-01,1.07E-01,7.85E-02,2.50E-02,1.60E-01
ACTGTGCTAGTAGATC.1__13x31,4.39E-02,1.19E-01,4.53E-02,5.78E-02,4.86E-02,1.10E-01,1.50E-01,1.47E-01,9.94E-02,3.01E-02,1.49E-01
ACTTAGTACGACAAGA.1__14x32,5.21E-02,1.28E-01,3.41E-02,4.95E-02,4.23E-02,1.14E-01,1.53E-01,1.43E-01,1.04E-01,2.85E-02,1.52E-01
ACTTATACTTACCCGG.1__36x90,1.28E-01,9.38E-02,6.14E-02,7.88E-02,5.35E-02,1.16E-01,1.28E-01,1.14E-01,1.09E-01,3.41E-02,8.27E-02
ACTTATTAGGATCGGT.1__38x52,6.53E-02,1.08E-01,4.24E-02,6.42E-02,4.61E-02,1.12E-01,1.36E-01,1.15E-01,1.21E-01,2.75E-02,1.62E-01
ACTTATTTATGTGCCA.1__46x90,6.06E-02,1.03E-01,4.50E-02,8.39E-02,1.19E-01,8.99E-02,1.15E-01,9.41E-02,1.98E-01,2.30E-02,6.88E-02
ACTTCCATGCGGGACA.1__61x85,1.79E-01,7.64E-02,4.78E-02,7.83E-02,5.60E-02,1.04E-01,1.09E-01,1.48E-01,1.16E-01,3.36E-02,5.33E-02
ACTTCGCCATACGCAC.1__27x75,9.07E-02,1.12E-01,4.69E-02,6.35E-02,5.92E-02,1.34E-01,1.47E-01,1.21E-01,1.09E-01,2.89E-02,8.85E-02
ACTTGACTCCCTCTTT.1__42x72,1.44E-01,1.13E-01,6.07E-02,7.17E-02,4.69E-02,1.03E-01,1.27E-01,9.77E-02,1.18E-01,2.82E-02,8.97E-02
ACTTGGGACCCGGTGG.1__29x49,5.96E-02,1.36E-01,3.68E-02,4.31E-02,2.56E-02,1.12E-01,1.54E-01,8.62E-02,6.91E-02,2.22E-02,2.56E-01
ACTTGTAGTCCCTTCA.1__44x10,7.45E-02,1.88E-01,6.33E-02,1.20E-01,5.57E-02,1.13E-01,5.71E-02,7.79E-02,1.22E-01,1.32E-02,1.16E-01
ACTTGTGGATGGAACG.1__52x108,6.32E-02,9.25E-02,3.01E-02,7.25E-02,5.84E-02,8.26E-02,1.31E-01,1.16E-01,1.98E-01,2.63E-02,1.29E-01
ACTTTACCCTCATGAA.1__32x106,1.26E-01,1.13E-01,5.45E-02,7.45E-02,5.23E-02,1.01E-01,9.71E-02,1.43E-01,1.34E-01,2.68E-02,7.90E-02
ACTTTCCTATAGCTTC.1__28x62,4.26E-02,4.65E-02,5.53E-02,9.85E-02,3.17E-01,7.48E-02,5.58E-02,9.84E-02,1.21E-01,2.99E-02,5.95E-02
ACTTTGACTGCATCCT.1__39x11,1.01E-01,1.01E-01,5.30E-02,1.07E-01,5.02E-02,1.29E-01,1.02E-01,1.32E-01,1.30E-01,2.41E-02,7.05E-02
AGAACGTGGTACATTC.1__27x73,7.84E-02,1.40E-01,5.08E-02,6.12E-02,7.78E-02,1.13E-01,1.39E-01,1.02E-01,1.21E-01,2.48E-02,9.20E-02
AGAAGAGCGCCGTTCC.1__38x88,4.62E-02,5.81E-02,6.21E-02,1.02E-01,3.00E-01,7.63E-02,7.30E-02,7.62E-02,1.17E-01,3.17E-02,5.72E-02
AGAAGGTACACTTCAC.1__52x14,5.38E-02,6.01E-02,6.30E-02,1.12E-01,2.64E-01,9.74E-02,6.06E-02,1.20E-01,9.51E-02,3.11E-02,4.32E-02
AGAAGGTTGCCGAATT.1__42x44,7.12E-02,9.78E-02,6.03E-02,7.14E-02,4.54E-02,1.01E-01,1.47E-01,1.35E-01,9.72E-02,3.26E-02,1.41E-01
AGAAGGTTGTAGGTCG.1__64x78,9.80E-02,1.10E-01,2.38E-02,4.83E-02,3.10E-02,1.23E-01,1.70E-01,1.30E-01,7.66E-02,3.07E-02,1.58E-01
AGAAGTGATTCGTGAT.1__48x28,1.12E-01,7.00E-02,7.45E-02,1.02E-01,9.37E-02,1.30E-01,9.37E-02,1.61E-01,8.12E-02,4.13E-02,4.13E-02
AGAATAAATCTTCAGG.1__37x11,2.11E-01,5.35E-02,7.06E-02,1.11E-01,3.59E-02,9.87E-02,9.38E-02,1.38E-01,8.36E-02,3.84E-02,6.65E-02
AGAATTATGGATTCGA.1__32x98,6.88E-02,8.37E-02,6.85E-02,8.86E-02,7.01E-02,9.96E-02,7.89E-02,1.26E-01,1.93E-01,2.84E-02,9.41E-02
AGAATTGTTTGACATA.1__17x23,1.39E-01,1.03E-01,5.81E-02,7.81E-02,5.56E-02,8.97E-02,1.13E-01,1.53E-01,9.43E-02,3.57E-02,8.06E-02
AGACCATGGGATACAA.1__22x28,8.38E-02,5.46E-02,7.28E-02,1.05E-01,1.84E-01,1.23E-01,6.76E-02,1.23E-01,9.46E-02,4.10E-02,5.03E-02
AGACCCACCGCTGATC.1__49x65,6.26E-02,1.60E-01,4.48E-02,3.99E-02,3.02E-02,1.12E-01,1.35E-01,8.94E-02,8.31E-02,2.15E-02,2.22E-01
