barcodes,L2-3 IT CTX-1,L4-5 IT CTX,L5 IT CTX,L5 NP CTX,L5 PT CTX,L6 CT CTX,L6 IT CTX,L6b CTX,Lamp5,Sst,Vip
400_27600,9.247107816432289e-5,0.0029100015613006645,9.247107816406279e-5,9.24710781643127e-5,9.24710781196652e-5,9.247107816431278e-5,9.24710781241971e-5,0.934918072785311,0.057139552636318924,0.001384995951170381,0.0030925505969983296
400_28400,1.6466634985377607e-5,1.8099406104820184e-4,1.3370775572727505e-5,1.3833850005795413e-5,1.3370775572682844e-5,0.1556307952634287,0.015283555575443924,0.8142052262991382,0.012793118947051003,5.639754026159357e-4,0.0012852924151374033
400_30000,1.407523468146326e-4,1.407523468456277e-4,1.407523468115503e-4,0.03816134996556664,1.4075234686500326e-4,1.4075234681154596e-4,0.03773628344848466,0.8721420689458769,0.04560388328965472,1.4075234676496086e-4,0.005511900269503893
400_30800,7.294706729367712e-5,7.294706729025058e-5,7.294706729377125e-5,0.03698518427342107,7.29470672913596e-5,7.294706729370269e-5,7.294706728891219e-5,0.9476015558607744,0.014635435405758093,7.294706725773399e-5,2.6719498903693016e-4
400_31600,1.5329014042670986e-4,1.532901403929361e-4,1.5329013889799745e-4,1.696576002242724e-4,1.5329014041130584e-4,1.833905401251895e-4,1.5329014042465754e-4,0.8944584638395201,0.09026696830550648,1.5329014060020026e-4,0.014001778873470209
400_32400,3.7818173192903203e-4,8.483523520539178e-5,8.48352381670824e-5,8.483523710838643e-5,1.6677562930452763e-4,2.0782609809363525e-4,8.483523821863514e-5,0.8291842907236519,1.2497880881686137e-4,0.1581533866995913,0.01144521935991334
400_33200,4.114068012309686e-4,4.261153386494598e-5,4.261153386844022e-5,6.596082302939602e-5,4.261153386843399e-5,0.15540306863715378,0.028012838758453625,0.7775042189269293,0.028642856913473676,4.26115338712593e-5,0.009789203004256099
400_34000,0.1828721990054147,1.7562153811718023e-5,1.756215410995515e-5,1.7562154108064287e-5,1.756215410835075e-5,0.017923441912095776,0.17435537856417097,0.5770758221158262,0.03305735164023866,1.7562176698580964e-5,0.014627995969417029
400_34800,0.133936346632032,6.481619903009606e-6,6.481619388887365e-6,1.0427960832739617e-5,6.48161938893504e-6,0.17623956096691937,0.04240684325781046,0.4839492107375941,0.15802627691798637,0.005090832817309755,3.210558508341981e-4
400_35600,0.14224494740152463,1.7120780980243758e-5,3.6486212754429135e-5,1.7120780992466098e-5,1.7120780992476374e-5,0.22981472414097562,0.12528646405677307,0.34949278164821385,0.15271222027513245,1.712078105999102e-5,3.438931406009424e-4
400_36400,0.02299473060165037,0.42152356762247084,1.1204624265773324e-4,0.13914897602664575,1.1204624265775331e-4,0.02580460128826073,1.120462426581887e-4,0.18216640365962264,0.19930609573411698,0.008590598152806732,1.2888818645221585e-4
400_37200,0.05465165459783164,3.2305975035135904e-6,3.2305974810969926e-6,0.20880832146836553,0.4296455064445185,0.05641347345241779,3.230597481159759e-6,0.17810157109576263,0.06913675171678811,3.2305986584121586e-6,0.0032297988331915542
400_38000,0.1803513747985209,5.107809826119055e-5,5.107809824016905e-5,5.1078098234527834e-5,0.022700602226437456,5.107809823452929e-5,5.107809826973269e-5,0.7560425045641169,0.03248071987321006,5.1078098202401466e-5,0.008118329948272296
400_38800,5.9955868042416204e-5,0.04824664551357506,5.9955868065087156e-5,0.37547296552215287,5.995586769535585e-5,0.07118483440811177,5.995586801864605e-5,0.24051261645240377,0.2350786377428634,0.029204521020997156,5.9955868074592864e-5
400_39600,0.1105056052839537,1.0274957697562676e-4,1.0274957698045221e-4,1.027495769799208e-4,0.032615251820393834,0.03271018588386348,0.15799468936639935,0.46471409642269196,1.0274957687453236e-4,0.19463374463993913,0.006415428274947975
400_40400,0.4427964801591622,0.057858023303895945,1.0213404863808543e-4,1.021340486452394e-4,1.021340486393949e-4,0.36069887511732074,2.700915894585934e-4,0.10629775844626646,0.025424361779561915,1.0213404862965378e-4,0.006245873409781759
400_41200,0.025360464432062337,0.05437730316224419,8.815857978183576e-5,8.815857978620467e-5,8.81585797818057e-5,0.11867558335956468,8.815857978183211e-5,0.6541899945386949,0.12049430390889329,0.023919463173608567,0.002630253105800436
400_42000,0.15213597242821547,0.07379811906818466,1.6728432377622138e-4,0.0829337748459048,1.6728432383798076e-4,0.009928150748622574,2.4587943623793456e-4,0.6592788357894699,0.013056789403641054,1.672843226596987e-4,0.008120625309449845
400_42800,0.4103284997894965,8.781518817668742e-5,8.781518817709082e-5,0.23431838044296713,8.78151881745045e-5,8.78151881764946e-5,0.013189878688799355,0.3220137741711834,0.017979538079938434,8.781518814717781e-5,0.0017308528867632034
400_43600,0.5493235885482955,3.019581672137066e-4,3.0195816717011224e-4,0.03775438394657731,3.019581671506237e-4,3.019581670847473e-4,3.019581671506689e-4,0.3824500733573381,0.02506029897042991,3.019581662539298e-4,0.0035999061753354804
400_44400,0.3067885277270625,3.44475928280303e-5,3.4447592830056323e-5,3.444759283052486e-5,3.444759283047028e-5,0.07500157788761509,3.444759283048797e-5,0.59260328062829,0.01601558622366917,0.001933439270429118,0.0074853502987848215
400_45200,0.4243430317359033,4.221856392169955e-6,4.221854301220401e-6,4.221854620711922e-6,4.221854619758116e-6,0.01803658805392826,0.10849087115264117,0.4115276546223285,0.03422577609674134,4.221854620613678e-6,0.0033549690639027487
400_46000,0.3564689664559079,7.025231765572481e-6,7.025237813567759e-6,7.0252378630953665e-6,7.025237863184939e-6,0.029507620012720146,0.18352533338725344,0.3580591539466252,0.062321414986126845,7.025237148261577e-6,0.010082385028912776
400_46800,0.27063645536483755,3.334773451177497e-5,3.3347734321626466e-5,3.397644441094794e-5,3.334773410140958e-5,3.3347734321512665e-5,3.334773432152336e-5,0.7075892263936355,0.017601780453027894,2.4374943335224596e-4,0.003728073239157898
400_47600,8.747727801468245e-6,8.747727537788448e-6,8.747727727304367e-6,0.37845054133096345,8.747727676969988e-6,8.747727726817782e-6,8.747728541156393e-6,0.5988303948488104,0.02113561878538098,8.747726960580321e-6,0.0015222109408730149
1200_26000,4.69555579993148e-5,4.695555801075645e-5,0.004429808897338588,4.6955557999574044e-5,4.695555801968101e-5,0.09813605968526033,0.004155397549617605,0.8665927673925462,0.016667691251307255,0.00978349743425235,4.6955557648337216e-5
1200_26800,3.611704042712746e-5,3.611704046989505e-5,3.6117040464250284e-5,0.029962057498611326,3.611704046401838e-5,0.05015420446740154,3.933018181951901e-5,0.8789951299730052,0.036813627169470876,3.611704066195981e-5,0.003855065507204265
1200_27600,1.2357596317001264e-4,1.2357596317504087e-4,1.2357596317130498e-4,0.05944230304764213,1.235759631652854e-4,0.023016015900613356,1.2357596316701157e-4,0.8632313738774025,0.049675869330687905,1.235759632438897e-4,0.0038929820645614934
1200_28400,0.010292593336184184,3.79665438477393e-5,3.7966540392316414e-5,3.796654039508015e-5,3.796654039403249e-5,0.11538850295068927,0.593391428868321,0.06508481420212227,0.04054121194373768,0.15638251016726717,0.018767072366649276
1200_29200,5.52910144055868e-6,5.529101730909435e-6,6.016178526042326e-6,4.0530870852675176e-4,5.52910145241614e-6,0.0651837437698991,0.24699071542686676,0.43618230124288593,5.529101701765229e-6,0.22666652487279956,0.024543273394170187
1200_30000,0.026151651363816968,5.509884752625112e-5,5.509884750759087e-5,0.013877811004569585,5.5098847507563986e-5,5.509884753634461e-5,0.014603876436520462,0.7642400262003812,5.5098847505680496e-5,0.008037673175703941,0.1728134675814244
1200_30800,7.503488388016799e-5,7.503488371161329e-5,7.503488369806408e-5,0.013213157278123736,7.503488369814369e-5,7.930490909452358e-5,7.503488368642677e-5,0.9693137930203606,0.010842814700819844,7.50348836247435e-5,0.006100720789302239
1200_31600,2.755828441993225e-4,2.380971688824137e-4,2.3809716872884624e-4,0.002805835436061917,2.3809716929124418e-4,2.3809716874595698e-4,2.3809716865560816e-4,0.9215539024113371,0.05146699722151473,2.380971668564549e-4,0.02246909907572638
1200_32400,3.713726695031006e-6,4.5817081212750044e-7,4.5816941424224356e-7,4.5817030301293914e-7,4.581694134593181e-7,0.19063760916135464,0.011808233502996207,0.7640662068813318,0.01980422739363807,4.5816941339978623e-7,0.013677718484628105
1200_33200,0.17384865983014464,4.899945691696036e-5,4.899945704587908e-5,4.899945704597733e-5,4.899945704595328e-5,0.15780231387257937,0.021058254558307992,0.594535407957145,0.049469315671670774,4.8999457038622114e-5,0.0030410508250588997
1200_34000,0.05128626834316615,3.0945650274873136e-5,3.094565077883591e-5,3.09456507771604e-5,8.083006355669646e-5,0.06301451485238252,0.339970916641874,0.41302216900918154,3.0945650736252944e-5,0.1292945183474649,0.00320700013980686
1200_34800,0.060366079704057773,6.416021734120475e-5,6.41602173998989e-5,6.416021739992382e-5,6.416021739992704e-5,0.11468440875595497,0.21076968161458157,0.5381885331355003,0.04868289411410378,0.008495847599857578,0.018555914206403113
1200_35600,0.10032591988596082,0.004345360253026004,2.3849828850825717e-5,2.3849828855707096e-5,2.384982885061617e-5,2.3308160755570738e-4,0.46045245228903214,0.4117746476696561,0.019481300224442367,2.3849828860732025e-05,0.003291838754909092
1200_36400,0.23539222791696818,3.270034054280674e-5,3.270034054252588e-5,3.270034054252078e-5,3.9341697665667494e-5,0.02169323423698618,0.18819856793291784,0.33286461957054475,0.19835750393361656,0.017133116332760316,0.006223287356912656
1200_37200,0.18272209646318535,6.781618060642035e-6,6.781618015824947e-6,6.781618006945374e-6,0.12662408716743778,6.781618084037681e-6,0.11433399970217505,0.5579009945900932,0.013194467099894564,6.781618020247441e-6,0.005190446887026565
1200_38000,3.3569989008377456e-5,3.356998896469142e-5,3.3569989008087025e-5,2.867834120740632e-4,3.356998902990583e-5,0.050090212797332674,0.46594299740764167,0.4043171656334317,0.0726903453427833,0.005669836408163672,8.683790425619299e-4
1200_38800,0.07036968411020587,1.7104272355347972e-5,1.7104272345194778e-5,2.1105026953276442e-5,4.993607364266012e-5,0.05677888074340571,0.12654293734624336,0.7161500886868872,0.026138378102939567,1.7104272350428926e-5,0.0038976770926712166
1200_39600,0.15595030899229928,0.011592701750590656,7.129416712908634e-6,0.011221762069274952,0.08475731042476156,0.07829231128791549,0.18450151748348978,0.4377505417567978,0.027885412248714717,7.129417491674845e-6,0.008033875151951173
1200_40400,0.17969702371256513,0.08309521519055904,1.4440032232647382e-4,1.444003223264639e-4,1.4440032232645712e-4,0.09266940104516391,0.2620864954685679,0.33252810082101647,0.042577452740241654,1.4440032229587764e-4,0.006768709732610652
1200_41200,1.5266079044986484e-4,0.116551545521709,1.5266079044986061e-4,1.5266079045139994e-4,1.5266079044993494e-4,0.1365081547871539,0.0771111295289987,0.5649466360507551,0.09649505603919147,0.002276487682479594,0.005500347227911083
1200_42000,0.22930943743446405,0.008032359732146128,1.86410067700283e-5,0.1350745824898753,1.8641006744404907e-5,1.8641006744377463e-5,0.035190741338813454,0.3858376838461028,0.13923344997092715,1.864102693141197e-5,0.06724718114048107
1200_42800,0.302516700245938,9.32084609194352e-5,9.320846092030151e-5,0.14706994526365177,9.320846109784851e-5,9.320846092669128e-5,0.023663535432541905,0.34651239963996305,0.13363314107138508,9.320846658367821e-5,0.04613823603607238
1200_43600,0.5881876154688724,1.028200696388212e-4,1.028200695487728e-4,1.0282006954474538e-4,1.0282006954470113e-4,0.024772594918303248,1.1617110718460571e-4,0.3714522749461972,0.010824560363291559,1.0282007006316712e-4,0.00413268284781065
1200_44400,0.47459102033670453,1.789348432431543e-4,1.789348432149105e-4,1.7893484322567261e-4,1.7893484322431473e-4,0.03645415848016636,0.1350388992920163,0.23883633083298242,0.07418559470962961,0.03142085355512183,0.00875740342047076
1200_45200,0.4890714697316323,6.463975521868273e-5,6.46397556734773e-5,6.463975568802136e-5,6.463975568797952e-5,6.463975569021104e-5,0.09034776377410368,0.3311191756000268,0.03811077007154533,0.044597334168645905,0.006430287876087559
1200_46000,0.41802480007773274,1.8938993181371615e-5,1.8938993343147403e-5,1.89389933384546e-5,1.8938993339208943e-5,1.8938993338487786e-5,0.1257361516475258,0.40043613632869923,0.029777666251052978,0.02052245890119743,0.00540809182725112
1200_46800,0.19482017534438317,5.4990481013299647e-05,5.499048104263995e-5,5.499048104264385e-5,5.49904810426486e-5,0.04960090373276197,0.04654259988188108,0.6664777996750967,0.04096208198549228,5.499048102493836e-5,0.0013214869752186725
1200_47600,1.4342826453435226e-5,1.4342826471431998e-5,1.4342826459073725e-5,0.0031020464015762443,1.4342826459405582e-5,0.03777347125136645,1.434282645914905e-5,0.9239935166781187,0.023993617627339096,1.434282538866446e-5,0.01105129108390845
2000_26000,3.5337413484636535e-5,3.5337413550830446e-5,3.533741348319239e-5,0.0011861982870389153,3.533741353614352e-5,4.665064927879623e-4,3.533741332841721e-5,0.9581009113576751,0.030867428352567648,3.533741266534406e-5,0.009166931029881899
2000_26800,7.96513068221548e-5,7.965130693659734e-5,7.965130678403276e-5,8.33627662477051e-5,7.965130710236397e-5,0.14145614305615953,7.965130682363144e-5,0.7963633999589895,0.05229644918418774,7.965130322823296e-5,0.009322737196718606
2000_28400,0.09012840980474099,7.476319467097676e-5,7.476319464091012e-5,0.0010807164015242412,7.476319464094597e-5,7.476319464098073e-5,0.33947575484669396,0.42834636746890903,0.02837633450660881,0.11130182584803662,9.915383448923284e-4
2000_29200,0.025861892033965304,4.219387152447849e-5,4.219386899334532e-5,4.2193868997495044e-5,4.2193868997782045e-5,0.08626284102665584,4.219386860940996e-5,0.6693754517555768,4.21938689976407e-5,0.2162671250413885,0.0019795269262934453
2000_30000,1.7968390414994467e-4,1.796839040228819e-4,1.796839041354696e-4,0.011303968898300076,1.796839042343862e-4,1.7968390413534635e-4,1.7968390397582663e-4,0.9732799511065634,0.009726042700290196,1.7968390447268656e-4,0.0044322499657197725
2000_30800,5.048805755971365e-5,5.0488057701778504e-5,5.048805755415026e-5,5.048805752824477e-5,5.048805755337866e-5,0.08744069109481532,5.048805755716799e-5,0.8120760752329693,0.09845258589261782,0.00101077641781543,7.169430163276582e-4
2000_31600,7.339972228820561e-5,7.339972240758103e-5,7.339972224529004e-5,0.0030158335882343925,7.33997222472073e-5,0.014198714181312898,7.339972224532943e-5,0.828285743752573,8.423797118783184e-5,0.14927411512760075,0.00477435676765756
2000_32400,2.699051433078677e-5,2.6990514268322884e-5,2.6990514330810798e-5,3.159916758838631e-5,2.6990514330780664e-5,0.1053161630234579,0.026164585836382957,0.8424971693696874,0.022235978960949948,2.699051433095037e-5,0.0036195510703417094
2000_33200,0.19016493266762613,1.7652431139639004e-5,1.7652430994054214e-5,1.7652430994864875e-5,1.765243099480604e-5,0.35777570469155984,0.08954870901715317,0.33768362074291153,0.02066092080347313,1.7652431013276457e-5,0.0040778499221396395
2000_34000,4.167671348380406e-4,7.687080132927112e-9,7.688914981864415e-9,7.688913955892454e-9,9.600095760554844e-8,0.036547181676414076,0.2129132377413541,0.576746913957496,0.1674465848153837,0.00567000637744701,2.5918923120041683e-4
2000_34800,0.11062063311422886,1.2882972489174387e-5,1.2882972444882997e-5,1.288297244475681e-5,1.2882972444917417e-5,0.1763792332097175,0.04706994046317999,0.5123940833036904,0.04412016121127088,0.10846032611359471,9.040906944940258e-4
2000_35600,7.627291699376672e-5,7.627291697064067e-5,9.976771066824936e-5,0.018289008875057043,7.627291694823958e-5,0.037909385893093124,0.2514761675618509,0.6732450496424727,0.016291549614946946,7.627291710666626e-5,0.002383979033891848
2000_36400,3.481862312021096e-5,0.16273638413620603,2.4213449310812772e-5,2.4213449310803685e-5,0.5618023854149383,0.04375766260303019,2.4213449319929967e-5,0.15181074005031306,0.031016282631659845,0.046185668106003636,0.0025834180867869484
2000_37200,0.2115436192942436,2.8522245610457962e-5,2.8522245624088972e-5,2.8522245624075945e-5,0.007315974826943328,0.11554214161251823,2.8522245623955073e-5,0.3880566414686263,0.14416902956023345,0.13322998200935013,2.8522245602542744e-5
2000_38000,0.32862398372511753,5.0446528870285494e-8,5.0446713619060627e-8,5.04466877728583e-8,5.780639946876284e-4,1.367466777399967e-6,0.14667317872678504,0.5056411761490855,0.017375905590253305,5.04466878468408e-8,0.001106122560675331
2000_38800,0.014030886031096,0.4091669320006077,0.00768111103137645,0.20512327149172818,2.4150955683810353e-4,4.222907176932689e-5,4.222907176970016e-5,0.22503186719537427,0.10674581430400949,0.031851921173751505,4.222907167919766e-5
2000_39600,0.21654550555187455,0.074050108886892,7.14625587595155e-5,0.08472699873522638,7.146255875951151e-5,0.02903869923911225,0.0702067507632952,0.4355037521306681,0.08719234474152843,7.146255876583283e-5,0.0025214522751180997
2000_40400,0.15204948343951635,0.1792951922633169,1.0898703666998097e-4,1.0898703667312686e-4,1.0898703666974159e-4,1.0898703666976757e-4,0.0787479234868198,0.5460933703574287,0.034836163727055364,1.0898703669945846e-4,0.008432931542480898
2000_41200,0.05730673042666974,0.04719914565163787,0.11871857938631389,8.282160341521173e-5,8.282160341522755e-5,8.282160341522073e-5,0.07560421398754341,0.5445279138869916,0.1405257742040524,8.282160336657061e-5,0.01578635604317893
2000_42000,0.006680632978372599,0.01772517403827029,0.2772977751204191,2.4237805652155107e-4,2.4237805651960574e-4,2.4237805652736668e-4,0.3596047189811269,0.31886914466397237,0.013421232827636088,0.0024831144695486814,0.0031910727510856096
2000_42800,0.28992577732563557,0.030092073248357335,1.1251894396963756e-4,1.1251894396964092e-4,1.1251894396964137e-4,0.05051287626559536,0.14873157661946446,0.36760284436229423,0.10959408170442873,0.0030906946983350263,1.1251894398035815e-4
2000_43600,0.5413975157329814,0.006341125463271731,2.4266674163694684e-4,2.4266674164713547e-4,2.4266674163895017e-4,0.06105645680730316,0.17582280838612116,0.20253278442720182,0.010875294146559931,2.4266674166546344e-4,0.0010033480699724485
2000_44400,0.4311597746635552,1.8862818607790488e-5,1.8862818605834784e-5,1.8862818605979125e-5,1.886281860617536e-5,0.033312558926267014,0.16726339431756357,0.35384715266663996,0.013427255010636992,1.8862818720961493e-5,8.955503221906852e-4
2000_45200,0.3710510000707872,5.642493307540397e-5,5.642493306633695e-5,1.055899449427326e-4,5.642493306639011e-5,5.642493300764013e-5,0.09661207271346822,0.4216577885404351,0.08780947497184322,0.019403319361311885,0.003135054664995983
2000_46000,0.3518016343800493,2.1455496556324417e-5,2.1455499984350224e-5,2.1455499984008518e-5,2.1455499983619953e-5,2.1455501527661825e-5,0.12965620881471926,0.3881672564170966,0.08993897232884841,2.1455537014136325e-5,0.04030719502423618
2000_46800,0.11275570028037667,1.0085283481921822e-4,1.008528348150088e-4,0.3590084129817925,0.2414115553996137,1.0085283482893126e-4,1.00852834815546e-4,0.2613919524846849,0.022774928692840157,1.0085283485594274e-4,0.0021531859865576135
2000_47600,9.642206295908374e-5,9.642206298880309e-5,9.642206295953156e-5,0.028922700819512613,9.642206290169707e-5,0.01150190375107463,9.642206288469709e-5,0.8806663459383555,0.07236664472843148,9.642206291183762e-5,0.005963872385020259
2800_26000,3.3482128359250165e-5,3.348213796633653e-5,3.34821379415473e-5,3.348212834901124e-5,3.348212858458998e-5,0.10834187107040619,3.348212857719267e-5,0.8442548895487904,0.029822890491877828,3.348213058026736e-5,0.01734597396856758
2800_26800,6.661976438994482e-5,6.66197643918799e-5,6.661976439041717e-5,0.015426141615154869,6.66197643899493e-5,0.07336447529329397,0.010165445209546427,0.8565165360816677,0.040626788051749144,6.661976370647666e-5,0.003567514927319048
2800_27600,0.18448007371914554,3.5966493277429036e-5,3.596649330038778e-5,4.7026348968606196e-5,3.596649330039918e-5,0.0013843438518228734,0.2968798769217142,0.4895381851262437,0.023344522607496854,0.0022283066234513892,0.001989765321278601
2800_28400,0.030986347803907438,1.6085754469157294e-5,1.6085754917543295e-5,1.060849555418274e-4,1.6085754918470193e-5,0.047408528037164846,0.4694724829164463,0.384534220705975,0.01929609806804031,0.04327137344341236,0.0048766068052067835
2800_30000,1.3909885222869093e-4,0.008101943407549507,1.390988522980677e-4,1.3909885229800955e-4,1.3909885224434705e-4,1.3909885229373097e-4,1.390988522975154e-4,0.9467141900335267,0.04151866113997822,1.3909885224276647e-4,0.0026915134530424334
2800_30800,1.1036587168148771e-4,1.1036587195507468e-4,1.1036587181655626e-4,0.0021398282869623114,1.1036587183607769e-4,0.03863234342473656,1.103658718145947e-4,0.6890470891325734,1.166539172818849e-4,0.2667322385388887,0.002780017340453334
2800_31600,1.0346026138079042e-5,1.0346026074999362e-5,1.0346026146849621e-5,1.034602614066858e-5,1.0346026085490834e-5,0.0011099233752455057,1.0346026876409888e-5,0.9487513703283154,0.035585574781526,1.034602614143673e-5,0.01448070933130914
2800_32400,0.025319065494147135,1.6014892824352757e-7,1.6015337914053843e-7,1.6015337822270864e-7,1.601533783005491e-7,0.07917022322706375,0.2082372499865281,0.6548010734897396,0.02496192902430197,1.601537581813118e-7,0.007509658015397362
2800_33200,0.13084991987118658,9.304672099505357e-6,9.304671059057309e-6,9.304671056381364e-6,9.304671056729713e-6,0.2092917433698349,0.19523614626631677,0.32730238211636736,0.11917868920882402,0.01807358802021901,3.031246197962539e-5
2800_34000,0.05720165716533893,5.171904416786258e-5,5.171904418311774e-5,5.1719044183123276e-5,5.171904418313395e-5,0.06226872402237217,0.17345533536926905,0.5793863959986956,5.1719044183252445e-5,0.11879504743704686,0.008634244786377077
2800_34800,0.028969707358912546,4.248560235035659e-5,4.248560231786668e-5,6.943737074325274e-5,4.2485602317873085e-5,0.13225639615547344,0.1181819176600641,0.6536431146064666,0.00986255124991386,0.055086384408419474,0.0018030343830206564
2800_35600,0.22308897599327357,1.548297812892515e-5,1.916516934214516e-5,4.351682480655531e-5,4.847128025189358e-4,0.10993244975389019,0.3833966186296197,0.24973148262582015,0.03226796547310958,1.5482978167444523e-5,0.0010041467713228537
2800_36400,0.006668478026912299,6.596198663154542e-6,6.596198650358456e-6,6.596198663994588e-6,0.45298585441481565,0.14516074835867354,2.7916640106947802e-5,0.35477778956401956,0.03639017487663531,6.596198649690232e-6,0.003962653324209543
2800_37200,0.2594450470685278,1.758484688623768e-5,1.758484648731749e-5,1.7584846491627586e-5,1.7584846491220417e-5,0.0063768283843618255,1.7584846491634207e-5,0.5958002077131861,0.08078796298247805,0.057484444772119656,1.7584846478362996e-5
2800_38000,1.1116423045368551e-4,1.1116423050350544e-4,1.1116423044982377e-4,1.170126966789738e-4,1.1116423045020758e-4,0.007738951511374631,0.216840875415846,0.6613038894641203,0.08877623766493913,0.021592756785862578,0.0031856195393212337
2800_38800,0.16622380894728853,4.184214093120979e-5,4.1842140654912885e-5,4.184214065498106e-5,9.693525148227982e-5,0.08699092033343166,0.13361502111168863,0.5067721354227264,0.0785441136691825,0.023480591899692062,0.004150946942266961
2800_39600,0.03441697210147073,0.06764202234032704,2.4047755332319033e-4,0.007645319821500405,2.4047755332525485e-4,0.3745124676513031,0.054677761009522916,0.3191080482201861,0.006734524484941978,0.1252917758783433,0.009490153385755777
2800_40400,0.1479223138308666,0.03994906527149951,0.14388558135630944,5.68189220808581e-5,1.1438005507040426e-5,0.14170641641023707,0.11737837616329122,0.3896202182081957,0.01304394380295947,1.1438004725072336e-5,0.006414390024327747
2800_41200,3.4138705916812853e-4,0.39194949427713544,0.11592649868926828,0.10123832709466585,8.809321506705497e-5,0.021034148514411315,0.04120035205789882,0.19904361553619981,8.8093215046019e-5,0.12390022914072843,0.005189761200410999
2800_42000,0.3534576128214135,0.04337357868452684,1.657440078165334e-4,0.019382663265108766,1.6574400781653326e-4,0.04116359139722787,0.03534836444646898,0.48504341789427435,0.019902557188383446,1.6574400777092746e-4,0.0018309822791921062
2800_42800,0.24449487297595757,5.326377770818943e-5,5.32637777059355e-5,5.326377770594545e-5,0.08440565071425975,5.326377768639116e-5,0.36259257723214317,0.209331175119043,0.0969004920137452,5.3263777764730144e-5,0.0020089130562800637
2800_43600,0.12929250469458764,3.976173058051685e-7,3.9761523057308904e-7,3.976152308469487e-7,3.672707231869379e-4,0.12920984287580564,0.44304205208328457,0.18784631503919008,0.10507889366467299,3.976103119831895e-7,0.005161530461192984
2800_44400,0.3115575683837201,1.032050516448211e-4,1.0320505163504894e-4,1.0320505163502915e-4,0.015605573793515234,0.010651027815793091,0.2892123489966879,0.2004562119537856,0.15728137186817145,0.011775135916854846,0.0031511461165569005
2800_45200,0.4055054331240193,9.911080846849144e-6,9.911080210650847e-6,9.911080209924328e-6,9.911080209899598e-6,0.06581159485361615,0.2139902250520139,0.2864353776587338,0.025696294118949657,9.9110820790927e-6,0.0025115197891108854
2800_46000,0.12461660145475108,1.5148320252520388e-5,1.5148320766109342e-5,1.514832076688294e-5,1.5148320766668098e-5,0.07086619810421035,0.19853585475148802,0.44649898318623543,0.15939147257924186,1.5148320801481142e-5,1.5148320719316084e-5
2800_46800,1.0448094280960644e-8,1.0417008616989424e-8,1.0448094207655822e-8,1.8388884394046235e-4,1.0446608693339158e-8,0.003263056410839137,0.19700898955915194,0.3364461928097952,0.22319972179265626,1.0459279029457759e-8,0.2398980983645322
2800_47600,0.0011521244739389775,3.939608083119675e-5,3.9396080825947626e-5,0.016553916883965,4.144729595073598e-5,0.0018968440459977683,3.939608082677347e-5,0.849571617238886,0.11972740060280093,0.005498822726725362,0.005439638489251314
3600_25200,1.1905975439187492e-5,1.1905975354425459e-5,0.027696387719471326,0.7228465351759146,1.1905975440527803e-5,0.03236767286736194,1.1905975441222712e-5,0.19431142825794118,0.01667805980359808,1.190597388538625e-5,0.00604038630015239
3600_26000,4.859416702385984e-5,4.859416701541844e-5,4.85941670198158e-5,0.0022159419298856983,4.859416700894321e-5,0.10509702700842799,4.8594167019865206e-5,0.8537816280379434,0.032316768212325674,4.85941670330418e-5,0.00629706980929627
3600_26800,1.6245189384513288e-5,1.624518889006314e-5,1.6245189407032086e-5,1.624518859355228e-5,1.62451894045428e-5,0.15134307065859487,1.6245189563501284e-5,0.8039922763770695,0.042550211436504275,3.054313159946339e-5,0.001986427260988625
3600_27600,0.07096877891040664,1.9333121588029348e-5,1.9333121601641194e-5,2.9409361561451534e-5,1.933312160165802e-5,0.04653330828662062,0.2857474648178795,0.4289430228236313,0.14569478105461692,0.016800756136974737,0.0052244792435175115
3600_28400,1.1313131197018849e-4,1.1313131195731688e-4,0.20251148333886435,0.15679668735154126,1.1313131193534645e-4,0.004893123940641827,1.1313131196266253e-4,0.3574409153897772,0.04037610801051516,0.23653291054816322,9.962461726713203e-4
3600_30000,1.423972243493022e-4,1.4239723989307204e-4,1.4239722438241854e-4,1.4239721537298044e-4,1.4239721987762438e-4,1.4239722433063808e-4,1.4239722432931386e-4,0.9496227136557022,0.03008049047610243,1.423972206565575e-4,0.019157618075003536
3600_31600,1.717489767868611e-5,1.717489768201186e-5,1.7174897678734218e-5,7.36950722469518e-5,1.7174897680385804e-5,0.11790668927649679,0.010119433052558868,0.8322810442704539,0.036474219297634905,1.7174897677600014e-5,0.0030590445422112983
3600_32400,0.2781550138513189,2.3610193133640886e-6,2.361018810071654e-6,2.3610188086295597e-6,2.361018808850294e-6,0.07659676111707445,0.059684910318915596,0.5603008769240758,0.020482592028177034,2.3610188120684415e-6,0.004768040665885163
3600_33200,0.02488062162229091,4.601151519302575e-6,6.533119770686959e-6,4.601151426877013e-6,9.978928750648892e-6,0.3656915808026103,0.11374832289169164,0.32285300853929416,0.07400350994851447,0.09617967424729026,0.002617567596840802
3600_34000,0.020639352723544658,1.1718277151386177e-4,1.1718277144100079e-4,1.1718277144102929e-4,1.171827714410701e-4,0.17927869726271764,0.31784899757520185,0.3431074181789442,0.023780229963257783,0.11262114035729102,0.0022554328532059867
3600_34800,5.0538785328110874e-5,5.05387853287205e-5,1.0799713016747648e-4,0.004467444640617361,5.053878532943361e-5,0.43853265462497176,0.09950922208459916,0.35737974030175,0.09537925965747777,0.0033505150878607127,0.0011215501165693772
3600_35600,0.15425550168662452,6.989659491707759e-5,1.8397219570195165e-4,6.989659491308217e-5,0.08129733126486074,6.989659491105625e-5,0.41453577171565514,0.3320504377487796,0.016944778565500238,6.989659486395719e-5,4.5262044327274396e-4
3600_36400,0.3869445538159599,5.3585189882674975e-5,5.358518989239788e-5,0.0017541405510887115,5.3585189892396854e-5,5.358518989239708e-5,0.10918091831565632,0.475656451567382,0.024082562002333694,5.358518980846366e-5,0.0021134477982110668
3600_37200,2.7684701643063807e-5,2.7684701642998372e-5,2.768470164447793e-5,2.7684701644114992e-5,0.6832465597681714,0.028080059089747787,2.7684701642711113e-5,0.2598689180510561,0.02075204415565481,0.002957302783771047,0.004956692643381539
3600_38000,7.574891752343248e-5,7.574891751218025e-5,7.574891752341257e-5,7.574891752373136e-5,0.6635003235366881,7.574891746360484e-5,0.015147019603030396,0.2256633743729349,0.06992319033807615,0.020528923562256506,0.00485842399946773
3600_38800,0.09941544385736882,6.134454828054239e-5,6.134454828254675e-5,6.134454828142772e-5,0.10677328006850484,0.030052716865562875,0.1283166555965006,0.5350127196116072,0.06151735373578468,0.03738880309173518,0.0013389935280912681
3600_39600,0.03607477217349768,0.27347866439911034,5.484297713805286e-4,0.016653423448414053,4.218242347482403e-5,0.18948788336503183,0.17068890804505568,0.20560855125384844,0.10733282027320228,4.218242350566372e-5,4.218242347886733e-5
3600_40400,0.06852037732656517,1.4240837563820306e-4,0.24798408214757392,1.42408375651008e-4,1.4240837563820702e-4,0.08921611623183752,0.15598314829588011,0.3904102401716935,0.04056056523955838,1.4240837567876003e-4,0.006755837084285227
3600_41200,0.14854863280492064,0.008146840178312197,0.044985818039112994,0.047528121600916955,1.323543758517068e-4,0.005771276215977628,0.10888436338773912,0.5170168726280308,0.08583755501084758,6.832198907650583e-4,0.032464945867525505
3600_42000,0.5534150424144465,0.055550740204396765,0.028811605325509814,2.824755033436637e-4,2.4317405955422388e-4,0.03992416224824326,0.16235104908056838,0.14198730897671882,0.012710874896911192,2.4317406078130078e-4,0.004480393229526447
3600_42800,0.6401299372266382,4.6927043356981254e-5,4.6927043346099415e-5,4.692704334678926e-5,4.692704334629225e-5,0.05414285167765634,0.05911976568174438,0.21434566021887957,0.021868809342300077,0.004946449728152693,0.005258817951232307
3600_43600,0.5844169016510741,5.6887052886363514e-5,5.688705275843544e-5,5.688705275845709e-5,5.6887052758569614e-5,0.004696805134366298,0.22352108614398367,0.13881948110995657,5.688705274940183e-5,0.04344293847275809,0.004818352223950039
3600_44400,0.318658943052448,2.1044408167133404e-5,2.1044408120126643e-5,2.104440812007521e-5,2.1044408118486153e-5,0.07013623486431989,0.3107368160816968,0.2587006299586883,0.030797312012004297,0.00824404189709021,0.0026418445012266053
3600_45200,0.20175549812699695,6.268029354363417e-5,6.268029372477958e-5,6.26802937265647e-5,6.268029372636077e-5,0.07006019602934206,0.30359159910182265,0.20404012423879317,0.13215419766809983,0.08225979088877855,0.005887872771445267
3600_46000,0.12769174389044682,1.2986523016580705e-6,1.298651549746725e-6,1.2986515475323859e-6,1.2986515478465587e-6,0.07631463607689358,0.2675266270693066,0.2864888319857446,0.22706436013759787,0.013429254883928056,0.0014793513491358017
3600_46800,4.210812748610116e-5,4.2108127478460836e-5,4.2108127486379164e-5,0.006238468314106781,4.2108127482136634e-5,0.02538378211067582,4.2108127485943925e-5,0.9083986335316518,0.059684359150565844,4.2108128123492654e-5,4.210812745733795e-5
3600_47600,1.5044877959315458e-5,1.504487787762546e-5,1.5044877959274294e-5,0.004299634999320014,0.009295967903610909,0.0359787316221694,1.5044877959399602e-5,0.5941296075122658,0.3527740289189091,1.5044877995421288e-5,0.003446804653973566
4400_25200,1.2610722513921416e-4,1.2610722514551964e-4,1.2610722513677094e-4,0.03259732372389043,1.2610722520180957e-4,0.08806771238720028,1.261072251452826e-4,0.8217266895967148,0.04769966772098197,1.2610722341131552e-4,0.009151963222032674
4400_26000,1.5121669159573809e-5,1.5121669211900979e-5,1.5121669159606227e-5,0.4802935164994472,1.5121669159516522e-5,0.07599714460962802,0.025950452767287004,0.39889364845208575,0.015295310365833995,6.445470591623302e-4,0.0028648935698651627
4400_27600,2.3339035235877073e-5,2.3339034989483775e-5,2.333903523693149e-5,2.3339035236351937e-5,2.3339035219042863e-5,0.16834385654420958,0.3852456341812905,0.38415470406572877,0.04689910121364851,0.003461919796626654,0.011778089022578203
4400_28400,5.233807959281981e-6,5.233807954070913e-6,5.233807957568815e-6,0.002922917894002408,5.233807957631331e-6,5.2338079575826635e-6,5.233807983380519e-6,0.6117626423312998,7.38470668410976e-5,0.38520395605225627,5.23380783093716e-6
4400_29200,9.368050985204119e-5,9.368050977608077e-5,9.368050983882964e-5,0.0010462520993320893,9.368050984377498e-5,9.368050972439686e-5,9.368050983463573e-5,0.9566520469489381,0.03673138023178573,9.368050995160634e-5,0.004914557151122738
4400_30000,5.853597087590786e-5,5.8535970868154637e-05,5.8535970874774856e-5,0.07624742720955571,0.030611506091579407,0.06146289943031602,5.85359709060311e-5,0.8061279805394453,0.022560973779903112,5.853597048805722e-5,0.002696533095187575
4400_30800,5.043612144161103e-5,5.0436121368175495e-5,5.0436121426812876e-5,6.384347286220903e-5,5.0436121432202546e-5,0.03993673957253038,5.043612140468928e-5,0.8909582648028952,0.06499997884116235,5.04361214691877e-5,0.003738556582007025
4400_31600,1.7757365733867702e-4,4.0811154800951904e-6,4.081116012246703e-6,4.0811159829394e-6,4.08111598209148e-6,0.15093929153132898,0.1721501358180679,0.6352995586037402,0.03411931687280435,4.08111599128058e-6,0.007293717937271196
4400_32400,7.981975252228319e-5,7.981975249686152e-5,0.1886375221222809,7.981975252230084e-5,0.06244062268898255,0.3122397776530228,0.15562154429760783,0.0982396330644768,0.0038764666053943595,0.1588116621934486,0.019893312117244714
4400_33200,3.534450422289529e-5,7.099658455636475e-6,7.099678999029699e-6,7.0996790022853635e-6,8.716066677145885e-5,0.09141099519305067,0.202494560720842,0.41545489005231473,0.2212349947093972,7.099712354477518e-6,0.06925365542458944
4400_34000,1.6133352723732142e-4,1.8997219705722932e-6,4.274447620322938e-6,1.899724104891073e-6,1.8997241056324586e-6,0.08471060391089436,0.2528350960647443,0.5472005714616596,0.11407378023177123,1.8997241036879831e-6,0.0010067414617882017
4400_34800,0.16757858320014768,6.754161711233146e-5,6.754161709737871e-5,0.0027271845674426945,6.754161709742841e-5,0.0768928614115049,0.29884776054488504,0.4335258327941108,0.013486632982275462,6.754161710885879e-5,0.0066709780312174515
4400_35600,0.1288989843892703,3.6763261125976216e-5,3.676326107272979e-5,3.6763261072734964e-5,2.333214897396106e-4,0.11261605257451643,0.18006827781103027,0.3825946040802507,0.16913503581568423,0.02489239183000942,0.0014510422262273852
4400_36400,6.173195795350967e-5,6.173195702293203e-5,6.173195821377976e-5,6.173195821370106e-5,0.6198173668943467,6.173195833768782e-5,6.173195821368966e-5,0.35039003350123327,0.023203797493114568,0.006156678395622001,6.173196772806275e-5
4400_37200,0.17386956190326608,9.69314075076438e-5,9.693140739956148e-5,9.69314074191879e-5,0.024565333159899182,0.19978065008752086,9.693140722964086e-5,0.45202798174892916,0.13679069316414275,9.693140753214388e-5,0.012481122899153785
4400_38000,5.293618538509853e-5,5.293618527937359e-5,5.2936185374025066e-5,5.2936185382716586e-5,5.293618538492324e-5,0.24000328256248768,0.01518365510926272,0.44946736839690543,0.21102310297648155,0.08400497384263256,5.293618542388614e-5
4400_38800,0.07053996695719825,0.06950894622301443,0.0744526332536666,0.010311301573843547,2.1014466613991536e-4,0.03819243808560412,0.22628572273678108,0.4577068703226092,0.03952220487405439,2.101446657415567e-4,0.013059626641346947
4400_39600,2.4001524494010672e-4,0.1944318240147173,2.400152449401014e-4,0.12188775082203422,2.400152449401116e-4,0.028797703945981346,0.0242803864206311,0.49908232385266027,0.12518198183560925,0.002303368395107559,0.003314614978438471
4400_40400,0.09320125596742261,0.08356971780843415,1.4954018385619273e-4,0.07179527522720645,3.3124236834013144e-4,0.13876221095348323,0.169861785431441,0.4134571054557317,0.02404111339575622,1.4954018385880517e-4,0.004681213024469323
4400_41200,0.3779576456279468,7.176886028889104e-5,7.176886029107191e-5,0.057475181487832955,7.176886029101508e-5,7.17688602916777e-5,0.15636987979625755,0.2110794276265608,0.19569844759517366,7.446800188250558e-4,3.87662406240441e-4
4400_42000,0.16707039972439508,1.2247790063125706e-4,0.09320914317010537,1.2247790064958124e-4,6.203469785499349e-4,0.08758788731560285,1.5542470544156373e-4,0.36048146861891156,0.2880101908443541,0.0024977049405940734,1.2247790076448005e-4
4400_42800,0.4180919562214849,5.878667767501881e-5,5.878667872371009e-5,5.878667866059172e-5,1.225910440787325e-4,0.13221061089036484,5.878667866061639e-5,0.3821065708666441,0.058255009597737675,5.878667644222048e-5,0.008919327989527638
4400_43600,0.38836532423066633,4.1414791426480714e-5,4.141479143458502e-5,4.141479143455493e-5,4.1414791434559605e-5,0.0944513027147303,0.15763630634177486,0.3003916559337274,0.05544556710529306,4.1414792842895205e-5,0.0035027697152349192
4400_44400,0.23271971477788558,2.1761567831669648e-5,2.1761575040662718e-5,2.1761572842081327e-5,2.1761572841670248e-5,0.028175427733652055,0.24266113866903022,0.36092724549499716,0.09278389989329816,0.028025040993359566,0.014620486149221132
4400_45200,1.7531185889229725e-4,0.47877601073870174,0.3463125547049678,1.7531185889168812e-4,1.753118588914134e-4,1.7531185890183346e-4,1.7531185889138677e-4,0.10325414274250148,0.054103730153195514,0.002059625714300729,0.014617376651864194
4400_46000,0.04060955273332515,1.9411213096936748e-5,1.941121379126038e-5,1.9411213791821243e-5,8.255025612501582e-5,0.12323221172166923,0.10141683438530871,0.5014126039627301,0.15606626794421102,0.003529733150517175,0.07359201220543368
4400_46800,2.4326114612362096e-5,2.4326114556235334e-5,2.4326114612499583e-5,0.4898952742013443,0.06560064315159966,2.4489146032349196e-5,2.432611457827477e-5,0.40020042961760127,0.04147340851639775,2.64169248456683e-4,0.002444281660208721
5200_24400,1.9516050157431972e-4,1.9516051389647992e-4,1.9516050253724163e-4,2.0121554473543344e-4,1.9516050182977074e-4,1.9516050158796102e-4,1.9516050159530814e-4,0.9710484716925495,0.02718902873891012,1.9516049944676947e-4,1.9516050133703083e-4
5200_25200,3.1648416952567185e-5,3.164841788375144e-5,3.164841695184249e-5,0.3435414476093042,0.3795771219202605,0.02894988121153952,3.164841714801379e-5,0.04660359606357821,0.20113806266482517,3.164843059547844e-5,3.164843096074646e-5
5200_26000,0.17439257423875928,4.13865957270249e-7,4.13867928123609e-7,4.1386792813954173e-7,4.1386792915018253e-7,0.018560625304845674,0.37281873417350614,0.3805587204570287,0.05004545939345389,4.1386816751581893e-7,0.0036218170944962587
5200_26800,0.10099146182432178,2.2955920244741445e-5,0.026269906839362492,2.2955920245407715e-5,2.2955920245416016e-5,0.028826395382501355,0.05308348875817613,0.7737086227520842,2.295592030722362e-5,0.011250529835300225,0.005777770927210923
5200_29200,5.027754895200204e-5,3.151354391422371e-5,3.151354393017903e-5,0.004860598408119534,3.151354393180761e-5,6.638414205783986e-5,3.151354386313632e-5,0.9679183753109469,3.151354393516816e-5,0.0186037426846588,0.008343054185690209
5200_30000,0.0018290465613830767,3.590363338295573e-5,3.590363369617327e-5,3.590363369736425e-5,1.8295794390732367e-4,0.04548401844085787,9.152686630610166e-5,0.9000129991190295,0.038085885254346835,3.5903635499617426e-5,0.014169951277893108
