"","L2-3 IT CTX-1","L4-5 IT CTX","L5 IT CTX","L5 NP CTX","L5 PT CTX","L6 CT CTX","L6 IT CTX","L6b CTX","Lamp5","Sst","Vip"
"1",9.24710781632149e-05,0.00291000156127714,9.24710781630504e-05,9.24710781632168e-05,9.2471078177086e-05,9.2471078163218e-05,9.24710781749588e-05,0.934918072786074,0.0571395526356101,0.00138499595107949,0.00309255059695478
"2",1.64666349535075e-05,0.000180994061079744,1.33707755727201e-05,1.38338500215178e-05,1.33707755726689e-05,0.1556307952634,0.0152835555754502,0.814205226299144,0.0127931189470487,0.000563975402618147,0.00128529241513933
"4",0.000140752346814323,0.000140752346822356,0.000140752346811968,0.0381613499662857,0.000140752346817597,0.000140752346811969,0.0377362834472409,0.872142068946082,0.0456038832900138,0.000140752346762692,0.00551190026953685
"5",7.29470672936918e-05,7.29470673063e-05,7.29470672937005e-05,0.036985184276368,7.29470673046778e-05,7.29470672936763e-05,7.29470672963754e-05,0.947601555857989,0.0146354354054135,7.29470673522279e-05,0.000267194989088674
"6",0.000153290140416231,0.000153290150218907,0.000153290140528307,0.000169657602337801,0.000153290140178741,0.000183390540114121,0.000153290140432648,0.894458463830727,0.0902669683018454,0.000153290140224918,0.0140017788729756
"7",0.000378181732111441,8.48352368450303e-05,8.48352381940274e-05,8.48352387806933e-05,0.000166775628193669,0.000207826098108931,8.48352382193235e-05,0.829184290718482,0.00012497880882577,0.158153386702207,0.0114452193600325
"8",0.000411406801277966,4.26115338537892e-05,4.26115338684265e-05,6.59608230302822e-05,4.26115338684308e-05,0.155403068637967,0.028012838758274,0.777504218926258,0.0286428569135022,4.26115338451556e-05,0.00978920300425512
"9",0.182872199161986,1.75621675543377e-05,1.75621541107351e-05,1.75621541109194e-05,1.7562154111194e-05,0.0179234418866725,0.17435537849407,0.577075822011957,0.0330573516462357,1.75621951423546e-05,0.0146279959740489
"10",0.133936346630766,6.48162078481654e-06,6.48161938816994e-06,1.0427960824543e-05,6.48161938858586e-06,0.176239560965769,0.0424068432590191,0.483949210737984,0.158026276917961,0.00509083281728655,0.000321055850828246
"11",0.142244947407303,1.71207809570559e-05,3.64862127571154e-05,1.71207809924239e-05,1.7120780992464e-05,0.229814724130584,0.125286464056027,0.34949278165816,0.152712220270551,1.71207809803576e-05,0.000343893140696076
"12",0.0229947306016151,0.421523567622554,0.000112046242657739,0.139148976026598,0.000112046242657753,0.025804601288268,0.000112046242657823,0.18216640365961,0.199306095734125,0.00859059815280485,0.000128888186452012
"13",0.0546516545902232,3.23059748728981e-06,3.23059748112472e-06,0.208808321469191,0.42964550644876,0.056413473451485,3.23059748114516e-06,0.178101571097984,0.0691367517164488,3.23060028938362e-06,0.0032297988331691
"14",0.180351374797936,5.10780982703529e-05,5.10780982386299e-05,5.10780982345615e-05,0.0227006022271935,5.10780982345611e-05,5.10780982752345e-05,0.756042504563892,0.0324807198732326,5.10780982126539e-05,0.00811832994827938
"15",5.99558680435055e-05,0.0482466455071631,5.99558680427752e-05,0.375472965522413,5.9955867660776e-05,0.0711848344110468,5.99558680096764e-05,0.240512616453402,0.235078637745035,0.0292045210211445,5.99558680393008e-05
"16",0.11050560528535,0.000102749576980663,0.000102749576982175,0.000102749576980032,0.032615251818443,0.0327101858838862,0.157994689366146,0.464714096423161,0.000102749576984026,0.194633744640122,0.00641542827496522
"17",0.442796480165287,0.0578580233061334,0.000102134048640054,0.000102134048654558,0.000102134048640816,0.360698875109806,0.000270091589466362,0.106297758444527,0.0254243617802718,0.000102134048592955,0.00624587340998071
"18",0.0253604644319892,0.0543773031626665,8.81585797818278e-05,8.81585797743228e-05,8.81585797818581e-05,0.118675583359385,8.81585797818263e-05,0.654189994538554,0.120494303908876,0.0239194631736093,0.00263025310580007
"19",0.152135972463858,0.0737981190200112,0.000167284323771515,0.0829337748138565,0.000167284323787518,0.00992815080263851,0.000245879436229991,0.65927883578138,0.01305678940164,0.000167284322856008,0.00812062530997096
"20",0.41032849977098,8.78151881815451e-05,8.78151881821346e-05,0.234318380426954,8.7815188182582e-05,8.78151881813546e-05,0.0131898787201278,0.322013774173299,0.0179795380809071,8.78151881342303e-05,0.00173085288687026
"21",0.549323588516355,0.000301958166999682,0.000301958167014178,0.0377543841054502,0.000301958167021873,0.000301958166957363,0.000301958167021907,0.382450073244845,0.025060298957668,0.000301958166706548,0.00359990617396007
"22",0.306788527727276,3.44475928392557e-05,3.44475928299715e-05,3.44475928305381e-05,3.4447592830467e-05,0.075001577887728,3.44475928304842e-05,0.592603280627946,0.0160155862236762,0.00193343927042644,0.00748535029878605
"23",0.424343031742497,4.22185617079707e-06,4.22185422432367e-06,4.2218546211118e-06,4.22185461967849e-06,0.0180365880541183,0.108490871148757,0.411527654619971,0.0342257760965129,4.22185461905872e-06,0.00335496906388828
"24",0.356468966466217,7.02524018193181e-06,7.02523786642239e-06,7.02523786321426e-06,7.02523786345301e-06,0.0295076200168914,0.183525333365437,0.358059153945655,0.0623214149874584,7.02523548221488e-06,0.0100823850290838
"25",0.270636455363746,3.33477341386994e-05,3.33477343211454e-05,3.39764444109552e-05,3.334773427795e-05,3.33477343214932e-05,3.33477343214904e-05,0.707589226394945,0.0176017804530252,0.000243749433340436,0.00372807323915184
"26",8.74772772980188e-06,8.74772780790935e-06,8.74772772649633e-06,0.378450541350107,8.74772783058639e-06,8.74772772672283e-06,8.74772748559497e-06,0.598830394830819,0.0211356187844135,8.74772755825423e-06,0.00152221094079448
"27",4.69555579990184e-05,4.69555579818868e-05,0.00442980889920802,4.69555579995233e-05,4.69555579974316e-05,0.0981360596853233,0.00415539754972162,0.866592767391735,0.0166676912513037,0.00978349743417042,4.69555565599023e-05
"28",3.61170404369466e-05,3.61170404691789e-05,3.61170404650183e-05,0.0299620575217258,3.61170404656295e-05,0.0501542044448097,3.93301817073884e-05,0.878995129971755,0.0368136271696882,3.61170412235305e-05,0.0038550655072533
"29",0.000123575963169076,0.00012357596318353,0.000123575963170121,0.0594423030466191,0.000123575963164179,0.0230160158992052,0.000123575963171605,0.863231373879366,0.0496758693310658,0.000123575963388239,0.00389298206449684
"30",0.0102925933315192,3.79665433362619e-05,3.796654039211e-05,3.79665403955506e-05,3.79665403961723e-05,0.115388502949502,0.593391428869266,0.0650848142037063,0.0405412119455144,0.156382510169046,0.0187670723669256
"31",5.52910141060104e-06,5.52910121111397e-06,6.01617849782556e-06,0.000405308708351988,5.52910144887175e-06,0.0651837437773271,0.246990715423447,0.436182301240308,5.52910133823107e-06,0.226666524872526,0.0245432733941339
"32",0.026151651363862,5.50988475036071e-05,5.50988475075922e-05,0.013877811004807,5.50988475075629e-05,5.50988475294262e-05,0.0146038764364226,0.764240026200187,5.50988475070406e-05,0.00803767317569871,0.172813467581468
"33",7.50348840089536e-05,7.50348836456085e-05,7.50348836980623e-05,0.0132131572777609,7.50348836979758e-05,7.93049090945891e-05,7.50348837095309e-05,0.969313793020588,0.0108428147006279,7.50348838269754e-05,0.00610072078934137
"34",0.000275582844255523,0.000238097169328127,0.000238097168731953,0.00280583543664891,0.000238097168740895,0.000238097168738127,0.000238097168736748,0.921553902418803,0.0514669972102579,0.00023809717052347,0.022469099075235
"35",3.71372668977952e-06,4.58168116483093e-07,4.58169413904901e-07,4.58169993996558e-07,4.58169413327315e-07,0.19063760918586,0.0118082334995536,0.764066206863563,0.0198042273934341,4.58169413187423e-07,0.0136777184845492
"36",0.173848659830595,4.89994570224988e-05,4.8999457044559e-05,4.89994570458635e-05,4.89994570458553e-05,0.157802313872634,0.0210582545585546,0.594535407956448,0.0494693156715241,4.8999457038387e-05,0.0030410508250479
"37",0.0512862683427136,3.09456498700506e-05,3.09456507760765e-05,3.0945650777137e-05,8.08300635272751e-05,0.0630145148522564,0.339970916643515,0.413022169009202,3.0945650809962e-05,0.129294518346771,0.00320700013978119
"38",0.0603660797041616,6.41602173724013e-05,6.4160217399926e-05,6.41602173999223e-05,6.41602173999225e-05,0.114684408756141,0.210769681614455,0.538188533135316,0.0486828941140943,0.00849584759985853,0.018555914206402
"39",0.100325919863061,0.00434536020774983,2.384982885312e-05,2.3849828849891e-05,2.38498288524997e-05,0.000233081607922833,0.460452452360664,0.411774647665925,0.0194813002235876,2.38498295168845e-05,0.00329183875501765
"40",0.235392227917977,3.27003405282985e-05,3.27003405425057e-05,3.27003405424957e-05,3.93416976680658e-05,0.0216932342369982,0.188198567932425,0.332864619570294,0.198357503933372,0.0171331163327431,0.00622328735690977
"41",0.182722096488279,6.7816180318318e-06,6.78161801159021e-06,6.78161801348076e-06,0.126624087137332,6.78161800614694e-06,0.114333999708259,0.5579009945892,0.0131944670998498,6.78161801645008e-06,0.00519044688700092
"42",3.35699890082648e-05,3.35699889611226e-05,3.35699890085926e-05,0.000286783412144067,3.35699890094957e-05,0.0500902127974176,0.465942997407602,0.404317165633295,0.0726903453428583,0.0056698364081507,0.000868379042544972
"43",0.07036968412355,1.71042729140685e-05,1.71042723431981e-05,2.11050269509481e-05,4.99360736407815e-05,0.056778880739754,0.126542937369322,0.71615008865721,0.0261383780998579,1.7104272251618e-05,0.00389767709220592
"44",0.155950308997673,0.0115927017507663,7.12941671282257e-06,0.0112217620676601,0.0847573104243508,0.0782923112881323,0.184501517485228,0.437750541751287,0.0278854122487052,7.12941752435376e-06,0.0080338751519599
"45",0.179697023712174,0.0830952151910452,0.000144400322326515,0.000144400322326508,0.000144400322326501,0.0926694010452455,0.262086495468488,0.332528100820872,0.0425774527402458,0.000144400322338703,0.00676870973261151
"46",0.000152660790449669,0.116551545522509,0.000152660790449665,0.000152660790446828,0.000152660790449677,0.136508154787993,0.0771111295285861,0.564946636049607,0.09649505603913,0.00227648768247768,0.0055003472279009
"47",0.229309437451051,0.00803235972715522,1.86410068554e-05,0.135074582476104,1.86410067447871e-05,1.86410067447791e-05,0.0351907413344983,0.385837683862644,0.139233449970864,1.86410156616792e-05,0.0672471811416775
"48",0.302516700251309,9.32084609310724e-05,9.32084609300625e-05,0.1470699451883,9.32084615760314e-05,9.32084609251201e-05,0.0236635354487534,0.346512399669419,0.133633141091234,9.32084658920661e-05,0.0461382360407298
"49",0.588187615374719,0.000102820069572062,0.000102820069560135,0.000102820069569396,0.000102820069569392,0.0247725949148836,0.000116171107218217,0.371452275045772,0.0108245603614352,0.000102820068775436,0.00413268284892575
"50",0.474591020336573,0.000178934843382184,0.000178934843227355,0.000178934843225436,0.000178934843224368,0.0364541584801405,0.135038899292246,0.238836330832896,0.0741855947095518,0.0314208535550754,0.00875740342045734
"51",0.489071469732288,6.46397545233692e-05,6.46397556720628e-05,6.46397556811235e-05,6.46397556876518e-05,6.46397556845083e-05,0.0903477637737259,0.331119175600538,0.0381107700714845,0.0445973341686284,0.00643028787608667
"52",0.41802480008311,1.89389945596641e-05,1.89389933398873e-05,1.89389933384085e-05,1.89389933380945e-05,1.89389933383614e-05,0.125736151644099,0.400436136325785,0.0297776662508008,0.0205224589010721,0.0054080918272184
"53",0.194820175342954,5.49904810538731e-05,5.49904810425183e-05,5.49904810425358e-05,5.49904810425277e-05,0.0496009037327135,0.0465425998828072,0.666477799675682,0.0409620819854187,5.49904810245094e-05,0.00132148697521787
"54",1.43428264675972e-05,1.43428263755776e-05,1.4342826457619e-05,0.003102046392637,1.4342826457718e-05,0.0377734712749861,1.43428264578468e-05,0.923993516660601,0.023993617630616,1.4342826081901e-05,0.0110512910828612
"56",3.53374134838626e-05,3.53374135025902e-05,3.53374134975021e-05,0.00118619827438132,3.5337413552145e-05,0.000466506493469162,3.53374134093523e-05,0.958100911368698,0.0308674283520538,3.53374140211523e-05,0.00916693102993075
"57",7.96513068227286e-05,7.96513069395621e-05,7.96513068821695e-05,8.33627662506184e-05,7.96513068193921e-05,0.141456143037676,7.96513068214036e-05,0.796363399975382,0.0522964491830661,7.96513065442283e-05,0.00932273719679615
"58",0.0901284098040436,7.47631947315137e-05,7.47631946409322e-05,0.00108071640154028,7.47631946408423e-05,7.47631946413326e-05,0.339475754847129,0.428346367468965,0.0283763345066699,0.111301825848106,0.000991538344891954
"59",0.0258618920336349,4.21938687393749e-05,4.21938689992608e-05,4.21938689977006e-05,4.21938689971125e-05,0.0862628410218135,4.2193868900421e-05,0.66937545176286,4.21938689977003e-05,0.216267125041748,0.00197952692631202
"60",0.00017968390416393,0.000179683904135744,0.000179683904165467,0.0113039687352542,0.000179683904228763,0.000179683904165375,0.000179683904275899,0.973279951265672,0.00972604270314737,0.000179683904222727,0.00443224996656887
"61",5.04880575565276e-05,5.0488057612608e-05,5.0488057556128e-05,5.0488057518603e-05,5.04880575557652e-05,0.0874406910956934,5.04880575503317e-05,0.812076075232288,0.0984525858925255,0.00101077641781666,0.000716943016326934
"62",7.33997222871516e-05,7.33997222422068e-05,7.33997222453551e-05,0.00301583358840168,7.33997222471307e-05,0.0141987141814807,7.33997222453464e-05,0.82828574375242,8.42379711822067e-05,0.149274115127589,0.00477435676765887
"63",2.69905143307785e-05,2.69905141951869e-05,2.69905143308398e-05,3.15991675884278e-05,2.69905143307925e-05,0.105316163024225,0.0261645858360354,0.842497169369344,0.0222359789609501,2.69905143308321e-05,0.00361955107033894
"64",0.190164932668386,1.76524314863105e-05,1.76524309945498e-05,1.76524309949129e-05,1.7652430994865e-05,0.357775704693882,0.0895487090145673,0.33768362074201,0.0206609208035197,1.76524309998338e-05,0.0040778499221646
"65",0.000416767134086026,7.68946509401747e-09,7.68893476786327e-09,7.68891360334973e-09,9.60009572968695e-08,0.0365471817122554,0.21291323772373,0.576746913942837,0.167446584810202,0.00567000637742719,0.00025918923119197
"66",0.110620633114371,1.28829728041845e-05,1.28829724462594e-05,1.28829724448619e-05,1.28829724448936e-05,0.176379233209686,0.0470699404634325,0.512394083303491,0.0441201612105247,0.108460326113828,0.000904090694525295
"67",7.62729170048059e-05,7.62729169794067e-05,9.97677106822598e-05,0.0182890087005189,7.6272916993002e-05,0.0379093859427714,0.251476167553858,0.67324504977203,0.0162915496180987,7.62729166807508e-05,0.00238397903438286
"68",3.48186231198544e-05,0.162736384136136,2.42134493108029e-05,2.42134493108064e-05,0.561802385414894,0.0437576626030675,2.42134492839388e-05,0.151810740050427,0.0310162826316552,0.0461856681060055,0.00258341808678923
"69",0.211543619293039,2.85222456261449e-05,2.85222456240829e-05,2.8522245624049e-05,0.00731597482774497,0.115542141612284,2.85222456237783e-05,0.388056641468884,0.144169029560776,0.133229982009195,2.8522245578298e-05
"70",0.328623983740335,5.04465846987816e-08,5.04466737843621e-08,5.0446687786975e-08,0.000578064000328522,1.36746679465187e-06,0.146673178712658,0.505641176142495,0.0173759055900832,5.04466878252078e-08,0.00110612256067158
"71",0.0140308860311047,0.409166932000788,0.00768111103162068,0.20512327149134,0.000241509556978638,4.22290717700171e-05,4.22290717698707e-05,0.22503186719562,0.106745814303401,0.0318519211738777,4.22290717294759e-05
"72",0.216545505551437,0.0740501088877453,7.1462558759507e-05,0.0847269987352231,7.14625587595338e-05,0.0290386992391659,0.0702067507630206,0.435503752130543,0.0871923447414835,7.14625587517336e-05,0.00252145227511051
"73",0.152049483438726,0.179295192263785,0.000108987036669936,0.00010898703666835,0.00010898703666975,0.000108987036669759,0.0787479234880626,0.54609337035658,0.0348361637269755,0.000108987036724638,0.00843293154246746
"74",0.0573067304265323,0.0471991456524116,0.11871857938628,8.28216034152614e-05,8.28216034152453e-05,8.2821603415263e-05,0.0756042139871188,0.544527913887132,0.14052577420367,8.28216034177296e-05,0.0157863560431915
"75",0.00668063297814126,0.0177251740389114,0.277297775121776,0.00024237805652078,0.000242378056520889,0.000242378056547338,0.35960471897959,0.318869144663675,0.0134212328277536,0.00248311446942333,0.00319107275114125
"76",0.289925777324646,0.0300920732484889,0.000112518943969325,0.000112518943969323,0.000112518943969324,0.0505128762656513,0.148731576620699,0.367602844362215,0.109594081704094,0.00309069469831733,0.000112518943980041
"77",0.54139751572368,0.00634112546371835,0.000242666741638586,0.000242666741632577,0.000242666741641464,0.0610564568095367,0.175822808390157,0.202532784428881,0.0108752941484741,0.000242666741103768,0.00100334806953636
"78",0.431159774668086,1.88628185205901e-05,1.88628186059577e-05,1.88628186060544e-05,1.88628186065843e-05,0.033312558926248,0.167263394314242,0.353847152665129,0.0134272550110972,1.88628186560541e-05,0.000895550322201993
"79",0.371051000071305,5.6424933090821e-05,5.64249330663282e-05,0.000105589944925604,5.64249330663645e-05,5.6424932988953e-05,0.0966120727129591,0.421657788540428,0.0878094749718674,0.0194033193613096,0.00313505466499333
"80",0.35180163419303,2.1455493629348e-05,2.14554999767399e-05,2.14554999765489e-05,2.14554999762281e-05,2.14555014856377e-05,0.129656209110209,0.388167256376829,0.0899389723085784,2.14555074110403e-05,0.040307195008898
"81",0.112755700253694,0.000100852834816542,0.00010085283481637,0.359008412975907,0.241411555421936,0.000100852834817164,0.000100852834818479,0.26139195249593,0.022774928693945,0.000100852832782081,0.00215318598653801
"82",9.64220629590524e-05,9.64220628739554e-05,9.64220629590526e-05,0.0289227008201628,9.64220629578549e-05,0.0115019037514074,9.64220629647813e-05,0.880666345937415,0.072366644728328,9.6422062949877e-05,0.00596387238502252
"83",3.34821300723225e-05,3.34821273544928e-05,3.34821342853061e-05,3.34821286787251e-05,3.3482128579853e-05,0.108341871009566,3.34821285810941e-05,0.84425488963041,0.0298228904966876,3.34821150348486e-05,0.0173459739707506
"84",6.66197643895008e-05,6.66197643805488e-05,6.6619764390355e-05,0.0154261416174002,6.66197643899939e-05,0.0733644752927325,0.0101654452109972,0.856516536078024,0.0406267880517004,6.66197642570581e-05,0.00356751492733839
"85",0.184480073719452,3.59664932771421e-05,3.59664933003729e-05,4.702634899309e-05,3.59664933003813e-05,0.00138434385186372,0.296879876921537,0.489538185126073,0.0233445226074811,0.00222830662344609,0.00198976532127633
"86",0.0309863478039052,1.6085754415899e-05,1.60857549170525e-05,0.000106084955557531,1.60857549184429e-05,0.0474085280372952,0.469472482916634,0.384534220705765,0.0192960980680145,0.0432713734433814,0.00487660680519585
"87",0.000139098852245553,0.00810194340494836,0.0001390988522986,0.000139098852298673,0.000139098852246803,0.000139098852287733,0.000139098852300989,0.946714190035724,0.0415186611402903,0.000139098852301622,0.0026915134530571
"88",0.000110365871783724,0.000110365871875434,0.000110365871816194,0.00213982828727878,0.000110365871832258,0.038632343425002,0.000110365871815454,0.689047089132622,0.000116653917283037,0.266732238538256,0.00278001734043511
"89",1.03460261413223e-05,1.03460260906556e-05,1.03460261431858e-05,1.03460261406433e-05,1.03460260876186e-05,0.00110992337545937,1.03460258914351e-05,0.948751370329078,0.0355855747815262,1.03460261367934e-05,0.0144807093313046
"90",0.0253190655529845,1.60141450528902e-07,1.60153385781788e-07,1.60153378750707e-07,1.60153378607839e-07,0.0791702231446428,0.208237249985581,0.654801073521679,0.0249619290243681,1.60153964667483e-07,0.00750965801518544
"91",0.13084991986936,9.30467083362379e-06,9.30467105820902e-06,9.30467105649508e-06,9.30467105604352e-06,0.209291743368216,0.195236146268105,0.327302382118754,0.119178689209313,0.0180735880202636,3.03124619847965e-05
"92",0.0572016571655749,5.1719044169241e-05,5.17190441831301e-05,5.17190441831035e-05,5.17190441831345e-05,0.062268724022904,0.173455335368929,0.579386395998233,5.17190441846273e-05,0.118795047437077,0.00863424478637835
"93",0.0289697073596774,4.24856022694874e-05,4.2485602317878e-05,6.94373707435034e-05,4.24856023178509e-05,0.132256396156744,0.118181917659399,0.653643114605247,0.00986255124983396,0.055086384408429,0.00180303438302053
"94",0.223088975994661,1.54829781227246e-05,1.91651693423117e-05,4.35168247887367e-05,0.00048471280241685,0.109932449754151,0.383396618628668,0.249731482625325,0.032267965473464,1.54829777442542e-05,0.00100414677131691
"95",0.00666847802892401,6.59619861565286e-06,6.59619865040576e-06,6.59619865540389e-06,0.452985854410474,0.145160748359111,2.79166400700713e-05,0.354777789565825,0.0363901748767989,6.59619865074159e-06,0.00396265332422428
"96",0.259445047059765,1.7584846190607e-05,1.75848464601728e-05,1.75848464917512e-05,1.75848464919147e-05,0.00637682838399594,1.75848464917419e-05,0.59580020772206,0.0807879629828327,0.0574844447727269,1.75848464934174e-05
"97",0.000111164230443159,0.000111164230527236,0.000111164230449615,0.000117012696685857,0.000111164230450037,0.00773895151102437,0.216840875416105,0.661303889464652,0.0887762376645208,0.0215927567858096,0.00318561953933249
"98",0.166223808948292,4.18421405990772e-05,4.18421406545258e-05,4.18421406549204e-05,9.69352514634499e-05,0.0869909203336025,0.133615021111556,0.506772135422167,0.0785441136690787,0.023480591899668,0.00415094694226326
"99",0.0344169721012325,0.0676420223408885,0.000240477553322912,0.00764531982151813,0.000240477553325208,0.374512467651087,0.0546777610094627,0.319108048220157,0.00673452448493876,0.125291775878326,0.00949015338574153
"100",0.147922313852851,0.0399490652869547,0.143885581343384,5.68189220797305e-05,1.14380055064008e-05,0.14170641641281,0.117378376157511,0.389620218181166,0.0130439438060946,1.14380076469047e-05,0.00641439002399528
"101",0.000341387059231791,0.391949494278231,0.115926498688944,0.101238327094798,8.80932150669612e-05,0.021034148514326,0.0412003520574457,0.199043615535839,8.80932150692344e-05,0.123900229140644,0.00518976120040365
"102",0.353457612821862,0.0433735786850684,0.000165744007816111,0.0193826632648158,0.000165744007816116,0.0411635913969995,0.0353483644463561,0.485043417894039,0.0199025571880266,0.000165744008005579,0.00183098227919443
"103",0.244494872972771,5.32637776996526e-05,5.32637777055585e-05,5.32637777055366e-05,0.084405650714932,5.32637776783017e-05,0.362592577234078,0.209331175120863,0.0969004920124923,5.32637777949666e-05,0.00200891305628062
"104",0.12929250470483,3.9761568121347e-07,3.97615230440973e-07,3.97615230839141e-07,0.000367270722643305,0.129209842868301,0.44304205208271,0.187846315045033,0.105078893657512,3.97611542292531e-07,0.0051615304612867
"105",0.311557568383751,0.000103205051603892,0.000103205051634903,0.000103205051635153,0.0156055737940729,0.0106510278158316,0.289212348996194,0.200456211953722,0.15728137186815,0.0117751359168489,0.00315114611655519
"106",0.40550543312362,9.91107987810706e-06,9.91108020977914e-06,9.9110802101024e-06,9.91108021016273e-06,0.0658115948544918,0.213990225051707,0.286435377662087,0.0256962941198517,9.91107853750047e-06,0.00251151978919691
"107",0.124616601452161,1.51483220266361e-05,1.51483207659012e-05,1.51483207668368e-05,1.51483207664278e-05,0.0708661981031384,0.198535854753949,0.446498983186407,0.159391472578498,1.51483208027291e-05,1.51483207192234e-05
"108",1.04480943428163e-08,1.04512829077765e-08,1.04480940512916e-08,0.000183888844596624,1.04467839882765e-08,0.00326305636773263,0.197008989651276,0.336446192850596,0.22319972173776,1.04428695048797e-08,0.239898098310914
"109",0.00115212447390219,3.939608082388e-05,3.93960808259242e-05,0.0165539168841472,4.14472959546927e-05,0.0018968440460062,3.93960808274484e-05,0.849571617238757,0.119727400602784,0.00549882272672217,0.00543963848924994
"110",1.19059753460049e-05,1.19059758981571e-05,0.0276963875650721,0.722846535271742,1.19059754342244e-05,0.0323676728727273,1.19059754441002e-05,0.194311428302971,0.0166780598071131,1.19059767047757e-05,0.00604038630154772
"111",4.85941670238718e-05,4.85941670163082e-05,4.85941670228663e-05,0.00221594192991902,4.8594167012338e-05,0.105097027007967,4.85941670261549e-05,0.85378162803841,0.0323167682122709,4.85941670409804e-05,0.00629706980929027
"112",1.62451891134446e-05,1.62451904407126e-05,1.62451894092643e-05,1.624518858868e-05,1.62451894058256e-05,0.151343070666367,1.62451896469799e-05,0.803992276368262,0.0425502114362033,3.05431316000799e-05,0.00198642726096326
"113",0.0709687789107247,1.93331215959095e-05,1.93331216016388e-05,2.94093615630464e-05,1.9333121601627e-05,0.0465333082866945,0.285747464817647,0.428943022823534,0.145694781054552,0.0168007561369679,0.00522447924351764
"114",0.000113131311955512,0.000113131311956692,0.202511483336222,0.156796687344655,0.000113131311938496,0.00489312394299665,0.000113131311956974,0.357440915394265,0.0403761080105643,0.236532910550796,0.000996246172692892
"115",0.000142397224360636,0.000142397205496758,0.00014239722397303,0.000142397212840121,0.000142397222184964,0.000142397224303948,0.000142397224309598,0.949622713804154,0.0300804903672282,0.000142397225187279,0.0191576180659614
"116",1.71748976785972e-05,1.71748976631045e-05,1.71748976788627e-05,7.36950722473764e-05,1.71748976780032e-05,0.117906689276797,0.0101194330525982,0.832281044270173,0.0364742192976007,1.717489767758e-05,0.00305904454220734
"117",0.278155013851826,2.36101929281904e-06,2.3610188083942e-06,2.36101880863573e-06,2.36101880863046e-06,0.0765967611179302,0.0596849103182342,0.560300876923504,0.02048259202811,2.36101881054392e-06,0.0047680406658664
"118",0.024880621620825,4.60115130442795e-06,6.5331197752717e-06,4.60115142684407e-06,9.97892874806767e-06,0.365691580799184,0.113748322894847,0.32285300854139,0.0740035099487829,0.0961796742468968,0.00261756759681968
"119",0.0206393527239638,0.000117182771468501,0.000117182771441089,0.000117182771441073,0.000117182771440952,0.17927869726316,0.317848997574958,0.343107418178547,0.0237802299632222,0.11262114035716,0.00225543285319707
"120",5.05387853281224e-05,5.05387853129382e-05,0.000107997130169038,0.00446744464083235,5.05387853288184e-05,0.438532654625071,0.0995092220840362,0.357379740301979,0.0953792596575017,0.00335051508786298,0.00112155011657764
"121",0.154255501688903,6.98965949128785e-05,0.000183972195540152,6.98965949132285e-05,0.0812973312666544,6.98965949132553e-05,0.414535771711519,0.332050437748911,0.0169447785656728,6.98965948667249e-05,0.000452620443193877
"122",0.386944553816116,5.35851898983974e-05,5.35851898923449e-05,0.00175414054954325,5.35851898923492e-05,5.35851898923442e-05,0.109180918314788,0.475656451568387,0.0240825620035732,5.35851898069521e-05,0.00211344779821036
"123",2.76847016424956e-05,2.76847016424025e-05,2.76847016445228e-05,2.76847016438139e-05,0.68324655976714,0.02808005909053,2.76847015045578e-05,0.259868918051389,0.0207520441556899,0.00295730278378156,0.00495669264339195
"124",7.57489175234841e-05,7.57489175305492e-05,7.57489175234818e-05,7.57489175219907e-05,0.663500323536597,7.57489174994898e-05,0.0151470196030418,0.225663374372884,0.0699231903381365,0.0205289235622703,0.00485842399947132
"125",0.099415443857982,6.13445482805514e-05,6.13445482825674e-05,6.13445482829428e-05,0.106773280067431,0.0300527168654797,0.12831665559677,0.535012719611819,0.0615173537358596,0.0373888030917214,0.00133899352809122
"126",0.0360747721757592,0.273478664393166,0.000548429771258819,0.0166534234477119,4.21824234750857e-05,0.189487883365111,0.17068890804742,0.205608551254962,0.107332820274176,4.21824234446575e-05,4.21824235149699e-05
"127",0.0685203773241392,0.000142408375636771,0.247984082148358,0.000142408375647771,0.000142408375636791,0.0892161162320177,0.155983148302348,0.390410240167298,0.0405605652390735,0.000142408375622617,0.00675583708422113
"128",0.148548632804649,0.00814684017864358,0.0449858180392155,0.0475281216008657,0.000132354375851687,0.00577127621599347,0.108884363387567,0.517016872627954,0.0858375550109547,0.000683219890780316,0.0324649458675248
"129",0.55341504240864,0.0555507402037103,0.0288116053336332,0.000282475502584757,0.000243174059555013,0.0399241622483774,0.162351049081182,0.141987308976768,0.0127108748977409,0.000243174058314159,0.00448039322949448
"130",0.640129937227271,4.69270433468107e-05,4.69270433460607e-05,4.69270433464726e-05,4.69270433462505e-05,0.0541428516776108,0.059119765681576,0.214345660218493,0.0218688093422902,0.00494644972814539,0.00525881795122835
"131",0.584416901652341,5.68870529716564e-05,5.68870527580365e-05,5.68870527589253e-05,5.68870527582057e-05,0.00469680513438413,0.223521086142729,0.138819481109867,5.68870527531824e-05,0.0434429384727438,0.00481835222393591
"132",0.318658943050296,2.10444075996047e-05,2.10444081201563e-05,2.10444081202495e-05,2.10444081203796e-05,0.0701362348640567,0.310736816083705,0.258700629959517,0.0307973120121146,0.00824404189710747,0.00264184450124258
"133",0.201755498127476,6.26802937618178e-05,6.2680293726571e-05,6.26802937265594e-05,6.26802937264864e-05,0.0700601960293917,0.303591599101238,0.204040124238712,0.13215419766802,0.082259790888783,0.00588787277143851
"134",0.127691743892031,1.2986513194609e-06,1.29865154914739e-06,1.29865154751143e-06,1.29865154706349e-06,0.0763146360766939,0.267526627068411,0.286488831985274,0.227064360138436,0.0134292548840288,0.0014793513491611
"135",4.21081274838018e-05,4.21081276731447e-05,4.21081274785161e-05,0.00623846831495438,4.21081274822645e-05,0.0253837821096032,4.21081274872229e-05,0.908398633531657,0.0596843591515036,4.21081272194242e-05,4.21081274574438e-05
"136",1.50448779592498e-05,1.50448779710864e-05,1.50448779589969e-05,0.00429963499902983,0.00929596790371786,0.0359787316221899,1.5044877959426e-05,0.594129607512652,0.352774028918632,1.50448779694857e-05,0.00344680465395952
"137",0.000126107225128154,0.000126107225134948,0.000126107225132542,0.0325973238456356,0.000126107224758043,0.088067712415844,0.000126107225102363,0.82172668943685,0.0476996677312705,0.000126107223577647,0.00915196322156674
"138",1.51216691595903e-05,1.51216691446374e-05,1.51216691596258e-05,0.48029351649723,1.51216691595337e-05,0.0759971446101931,0.0259504527674382,0.398893648453622,0.0152953103658673,0.000644547059155542,0.00286489356987072
"139",2.33390352358666e-05,2.3339034044083e-05,2.33390352364721e-05,2.33390352367214e-05,2.33390351294791e-05,0.168343856541936,0.385245634182402,0.384154704067574,0.0468991012139811,0.00346191979659264,0.0117780890226312
"140",5.23380795527601e-06,5.23380795743122e-06,5.23380795744417e-06,0.00292291788836922,5.23380795747613e-06,5.23380795746153e-06,5.23380791124503e-06,0.611762642346958,7.38470647814389e-05,0.38520395604426,5.23380793460386e-06
"141",9.36805098388453e-05,9.36805098383079e-05,9.36805098385299e-05,0.00104625211948463,9.36805098241044e-05,9.36805098449828e-05,9.36805098084416e-05,0.956652046928281,0.0367313802323927,9.36805098591364e-05,0.00491455715098965
"142",5.85359708766009e-05,5.85359709027353e-05,5.85359708766871e-05,0.0762474272707278,0.0306115060431408,0.0614628994197647,5.85359708988228e-05,0.806127980536136,0.0225609737805841,5.85359709089435e-05,0.00269653309518273
"143",5.04361214580018e-05,5.0436121445801e-05,5.04361214260419e-05,6.38434728622149e-05,5.04361214314987e-05,0.0399367395710162,5.04361213981818e-05,0.890958264804257,0.0649999788411309,5.04361215464244e-05,0.00373855658202759
"144",0.000177573657135173,4.08111588290019e-06,4.08111599211449e-06,4.08111598174233e-06,4.08111598182209e-06,0.150939291528881,0.172150135820689,0.635299558603509,0.0341193168727269,4.0811159735941e-06,0.00729371793724737
"145",7.98197525223316e-05,7.98197525281878e-05,0.188637522123696,7.98197525222887e-05,0.062440622688879,0.312239777652705,0.15562154429675,0.0982396330643593,0.00387646660541502,0.158811662193389,0.0198933121172337
"146",3.53445042306184e-05,7.09970471858395e-06,7.09967900337292e-06,7.0996790017666e-06,8.71606666676315e-05,0.0914109953917123,0.202494560686539,0.415454889887328,0.221234994660648,7.09971447537915e-06,0.0692536554256755
"147",0.000161333527182235,1.89972437311726e-06,4.27444761465293e-06,1.89972410501117e-06,1.89972410412967e-06,0.0847106039182942,0.252835096061881,0.547200571455146,0.114073780231413,1.89972410556389e-06,0.00100674146178062
"148",0.167578583200756,6.75416171077432e-05,6.75416170973689e-05,0.00272718456755373,6.75416170973673e-05,0.0768928614115226,0.298847760544333,0.433525832793939,0.0134866329822288,6.75416171397411e-05,0.00667097803122477
"149",0.128898984389736,3.67632610461748e-05,3.67632610724596e-05,3.67632610727206e-05,0.000233321489767043,0.112616052574681,0.18006827781081,0.382594604079965,0.169135035815637,0.0248923918299906,0.00145104222622152
"150",6.17319583363293e-05,6.1731958485715e-05,6.17319582135901e-05,6.17319582137261e-05,0.61981736688847,6.17319587657023e-05,6.17319582136539e-05,0.350390033504535,0.0232037974934637,0.00615667839557484,6.17319677280178e-05
"151",0.17386956190328,9.69314074845898e-05,9.69314074271556e-05,9.69314074210984e-05,0.024565333162288,0.199780650086974,9.69314075145383e-05,0.452027981747493,0.136790693163656,9.6931407327044e-05,0.0124811228991337
"152",5.29361853846993e-05,5.29361853894357e-05,5.29361853736022e-05,5.29361853851104e-05,5.29361853849582e-05,0.240003282561796,0.0151836551094692,0.449467368397256,0.211023102976446,0.084004973842683,5.29361854316364e-05
"153",0.0705399669574656,0.0695089462232233,0.0744526332547437,0.0103113015729982,0.000210144666139862,0.0381924380858275,0.226285722736368,0.457706870322564,0.0395222048735752,0.000210144665740531,0.0130596266413547
"154",0.000240015244939886,0.194431824016035,0.000240015244939902,0.121887750822271,0.000240015244939889,0.0287977039457783,0.024280386420123,0.499082323852167,0.125181981835279,0.0023033683951074,0.00331461497841949
"155",0.093201255967343,0.0835697178091879,0.000149540183856254,0.0717952752272045,0.00033124236811585,0.138762210953591,0.16986178543122,0.413457105455513,0.0240411133955397,0.000149540183949796,0.00468121302447795
"156",0.377957645628908,7.17688602941171e-05,7.17688602910548e-05,0.0574751814881667,7.17688602910464e-05,7.17688602929835e-05,0.156369879794886,0.211079427626421,0.195698447595436,0.000744680018774928,0.000387662406238001
"157",0.167070399723987,0.00012247790062779,0.0932091431709751,0.000122477900613926,0.000620346978663521,0.0875878873153398,0.000155424705528979,0.360481468618818,0.288010190844103,0.00249770494057855,0.000122477900764455
"158",0.418091956228546,5.87866784068639e-05,5.87866787347641e-05,5.87866786647615e-05,0.00012259104409698,0.132210610901131,5.87866786647945e-05,0.382106570835832,0.0582550096050676,5.87866807892789e-05,0.00891932799006654
"159",0.388365324228089,4.14147914336634e-05,4.14147914346905e-05,4.14147914347025e-05,4.14147914346904e-05,0.0944513027157748,0.157636306342874,0.300391655934521,0.0554455671069343,4.14147908636078e-05,0.00350276971520493
"160",0.232719714746968,2.17615729711131e-05,2.176157129014e-05,2.17615728421423e-05,2.1761572842271e-05,0.0281754277342436,0.242661138688756,0.360927245502419,0.0927838998958125,0.0280250409927938,0.0146204861490615
"161",0.000175311858893347,0.47877601073807,0.346312554704948,0.000175311858892046,0.000175311858891986,0.000175311858884326,0.000175311858891824,0.10325414274263,0.0541037301536657,0.00205962571431388,0.0146173766519197
"162",0.0406095527335746,1.94112123874948e-05,1.94112137926911e-05,1.94112137918927e-05,8.25502560767065e-05,0.123232211721269,0.101416834383532,0.501412603964853,0.156066267944811,0.00352973315047735,0.0735920122054337
"163",2.43261146123663e-05,2.43261145185379e-05,2.43261146126981e-05,0.489895274201477,0.0656006431512414,2.44891460342926e-05,2.43261146026275e-05,0.400200429617812,0.0414734085164222,0.00026416924845731,0.0024442816602102
"165",0.000195160501670308,0.000195160501673025,0.000195160501453903,0.000201215544814861,0.000195160505046899,0.000195160501664777,0.0001951605016733,0.971048471723059,0.0271890287384764,0.000195160495497299,0.000195160484970377
"166",3.16484169486926e-05,3.16484170306146e-05,3.16484169458061e-05,0.343541447672111,0.379577121815444,0.0289498812261618,3.16484172201485e-05,0.0466035959377169,0.201138062788073,3.1648433626296e-05,3.16484587219061e-05
"167",0.174392574235091,4.13868811358652e-07,4.13867927613052e-07,4.13867928215759e-07,4.13867928119621e-07,0.0185606253049487,0.372818734173716,0.380558720457471,0.0500454593928993,4.13868804385222e-07,0.00362181709447426
"168",0.100991461824806,2.29559202447205e-05,0.0262699068390118,2.2955920245422e-05,2.29559202454355e-05,0.028826395382749,0.0530834887579257,0.773708622752626,2.29559201684395e-05,0.0112505298348081,0.00577777092716939
"169",5.02775490695445e-05,3.15135439512282e-05,3.15135439303796e-05,0.00486059840784187,3.15135439280354e-05,6.63841420572802e-05,3.15135439314994e-05,0.967918375311059,3.15135439318618e-05,0.0186037426846132,0.00834305418568643
"170",0.00182904656129523,3.59036337256193e-05,3.59036337096789e-05,3.59036336972596e-05,0.000182957943882304,0.0454840184759123,9.15268662740262e-05,0.9000129990755,0.0380858852664401,3.59036321433837e-05,0.0141699512774199
"171",1.99778144416126e-05,1.99778100117814e-05,1.99778145304001e-05,1.99778175647752e-05,1.99778144402146e-05,0.0395179061311115,1.99778144397995e-05,0.934394437921738,0.0168289823722577,1.99778144561995e-05,0.00911882887500758
"172",0.115082410624871,4.5430460856537e-05,4.54304599622258e-05,4.5430460436651e-05,4.54304599627111e-05,4.54304599617888e-05,0.145743292580088,0.721943854433352,0.0111578485234522,4.54304600995583e-05,0.00580001107695784
"173",0.058713179092458,8.99461887737095e-06,8.99461875547787e-06,8.99461875628871e-06,8.9946187556294e-06,0.154336925421656,0.256209343837907,0.506128102890711,0.0216849271505115,8.99461876163215e-06,0.00288254851285004
"174",6.43662520984638e-05,6.43662522385778e-05,6.43662520984436e-05,6.43662520984732e-05,6.43662520984219e-05,0.18543074567005,0.197940710406397,0.445000949851279,0.171177030307983,6.4366251489996e-05,6.43662521696012e-05
"175",0.121325564963965,4.5044517864007e-05,4.50445178612801e-05,4.50445178612891e-05,4.50445178612872e-05,0.223716403017305,0.228178552002409,0.388494842046291,0.0211770696873607,0.00943668091416594,0.00749070929705538
"176",6.09608966568904e-05,6.09608966717033e-05,0.0178965334620452,6.09608966556512e-05,6.09608964193231e-05,0.0387183933351703,0.134256175878891,0.773636592052799,0.0269418183251408,6.09608966873279e-05,0.0082456824628625
"177",0.100281610004036,1.2043781855445e-05,1.20437818967111e-05,1.96120063332826e-05,0.000740939332215183,0.0388935847302499,0.234481647561233,0.555618873128161,0.0682999995555333,1.20437825883948e-05,0.00162760233589785
"178",0.3844550915111,3.88370804063079e-07,3.88370739577549e-07,3.8837074022727e-07,0.000999022411898459,0.0030971607012078,0.104029543297589,0.493705018766829,3.88370740277508e-07,0.00642308870337107,0.00728952112498025
"179",0.000177501386676794,0.000177501386870513,0.000177501386915578,0.0132863669460685,0.000177501386924094,0.000177501386914967,0.549550296864141,0.337413439765458,0.0915049233454029,0.00717996475746006,0.000177501387167166
"180",0.000131197570913756,0.000131197570917748,0.000131197570913166,0.0252204743641861,0.000131197570911506,0.230539702344972,0.00013119757091888,0.59711447262164,0.135547176150345,0.00545436640375413,0.00546782026052734
"181",0.062160441879076,0.0622816604745655,5.13752004695462e-05,0.000122659311560759,5.13752004695455e-05,0.184827482578954,0.0169364791802625,0.654131667225926,0.0173451918795169,5.13752004824222e-05,0.00204029186871662
"182",0.0619567221160994,0.13474631292953,0.0781978163871088,0.348095084659791,0.000160434258451806,0.000160434258451075,0.191310589635336,0.163738228456356,0.0176591744899921,0.000160434258461946,0.00381476855042244
