,T-cells,CAFs,Normal Epithelial,Endothelial,PVL,Cancer Epithelial,Myeloid,B-cells
AAACAAGTATCTCCCA-1,0.0745858044761675,0.20903092027389183,0.010509665101278924,0.10756999680547227,0.08993877613495058,0.003333229725046118,0.27340417000727113,0.23162743747592165
AAACACCAATAACTGC-1,0.1557017340589903,0.08526673609181457,0.14424384382752384,0.17219454469416642,0.1280760077224362,0.17188041573112475,0.0552866778712669,0.08735004000267699
AAACAGAGCGACTCCT-1,0.0024856365404348187,0.08959070631291177,0.0006274520210576665,0.13544093482276331,0.13027246604128154,0.0010117029623084217,0.048882933598476265,0.5916881677007662
AAACAGGGTCTATATT-1,0.08429414575769394,0.07951071370569246,0.00011256477267985836,0.060218220828980394,0.0030598310291274303,6.988905475606868e-05,0.1740956922386017,0.5986389426124682
AAACAGTGTTCCTGGG-1,0.1244948824590185,0.21563584035310934,0.1525758427669298,0.20058976507411158,0.10218351285430391,0.12090747348470796,0.07742086960208582,0.0061918134057331094
AAACATTTCCCGGATT-1,0.147965382522845,0.06862815193610253,0.13754118353646316,0.11617117797035187,0.14435723663708644,0.213700538385275,0.11627031744514134,0.05536601156673467
AAACCCGAACGAAATC-1,0.0709519081734441,0.18891829917595956,0.00025345902940201645,0.13032077844610945,0.13980802483496826,7.231831833665712e-05,0.2652346572145178,0.20444055480726214
AAACCGGGTAGGTACC-1,0.1552166203642032,0.09516531312634388,0.1255550038585796,0.09339357177948023,0.08447968790005023,0.26952450853900506,0.11600309737359872,0.06066219705873911
AAACCTAAGCAGCCGG-1,0.12761993284979165,0.1484609777377147,0.19279067176533876,0.13181647794430718,0.1897456666269748,0.11194457335268933,0.07784240894875619,0.01977929077442739
AAACCTCATGAAGTTG-1,0.09552069820368402,0.25172776459486507,0.053050236425872775,0.12293206196311753,0.04952703678877623,0.07896302698181103,0.23961820635631892,0.10866096868555442
AAACGAAGAACATACC-1,0.17017878226232247,0.0746732797289517,0.17231699165121184,0.06679239070885085,0.10516186183417169,0.24732821894940396,0.06225667009077827,0.10129180477430924
AAACGAGACGGTTGAT-1,0.13110375828975046,0.16873279529693477,0.14328741454513555,0.06706981857195315,0.11480582021197551,0.08578447826083778,0.1781341902161863,0.11108172460722647
AAACGCCCGAGATCGG-1,0.10214048537974273,0.08574444491407482,0.1228509816593105,0.17393247410459092,0.18601836400626615,0.0028071045216793143,0.10368635634973988,0.22281978906459568
AAACGGGCGTACGGGT-1,0.14019036492983772,0.06898320192339197,0.16993857476636653,0.06559505128187566,0.1569556857436872,0.2240468556111971,0.11710203994470236,0.057188225798941415
AAACGGTTGCGAACTG-1,0.09549653975205277,0.17664553826854795,0.06981500107206634,0.09223811983620184,0.10895088369548063,0.07063962528373546,0.29301128722695713,0.09320300486495788
AAACGTGTTCGCCCTA-1,0.005483951222196645,0.08260235527201565,0.004632634394646232,0.27121154216282733,0.2721784760703356,0.0073126850026929,0.004849378065261036,0.3517289778100246
AAACTAACGTGGCGAC-1,0.00645717889068192,0.09723949244367777,0.013805603386450233,0.17072066677968661,0.08497576074688745,0.0054443082120160784,0.0005883831923244021,0.6207686063482756
AAACTCGGTTCGCAAT-1,0.15166404030548755,0.10207857005146381,0.1897139167005881,0.09968999454289264,0.13300459911126475,0.21310609495278002,0.05366776622129315,0.05707501811423001
AAACTCGTGATATAAG-1,0.03973669553171263,0.29742765879844313,0.0928614182494707,0.2116570984088459,0.15367129701533866,0.0020471677123483564,0.015406517093032118,0.18719214719080848
AAACTGCTGGCTCCAA-1,0.12738489141578718,0.14853042426555796,0.01268164890572485,0.0838405604375334,0.2620112052754015,0.08474678593817388,0.08831267188854679,0.19249181187327444
AAACTTAATTGCACGC-1,0.17059175630550896,0.15871001386773465,0.22638150550565111,0.09147671865511225,0.05872343789200801,0.20622587885147747,0.06205624498702447,0.025834443935483058
AAACTTGCAAACGTAT-1,0.07260761251945226,0.09543206008162415,0.05547494363168305,0.24356790554620775,0.1142739811801194,0.06791654993004839,0.1416788369745479,0.2090481101363171
AAAGAATGTGGACTAA-1,0.16235051725238916,0.10531286399998777,0.2298984895709694,0.08676961418012194,0.09965483940622516,0.1879035026158102,0.06898032545960148,0.05912984751489488
AAAGACCCAAGTCGCG-1,0.1633355872131344,0.05081908092686709,0.11072617936973374,0.07340687688777878,0.24273427900850383,0.21298419823544953,0.0049210971753816885,0.14107270118315093
AAAGACTGGGCGCTTT-1,0.10082256433379586,0.10340411145348476,0.042921680482179446,0.11758357659295686,0.22605655723480847,0.09499520513619122,0.1378712149839851,0.1763450897825983
AAAGCTTGCCTACATA-1,0.0452125926954293,0.3153725913407276,0.006707249363290383,0.12123497910493976,0.1895990694728901,0.0023610631511960835,0.015275464226843056,0.30423699064468374
AAAGGCCCTATAATAC-1,0.14875417375114472,0.12529719656539653,0.142911994697498,0.0978952717133808,0.11387010870475146,0.2195113001218615,0.0797127140765128,0.07204724036945417
AAAGGCTACGGACCAT-1,0.14935479103448915,0.205822360191687,0.038142523911825266,0.13463941585131456,0.13666308966925989,0.06475417769177053,0.26462310984935233,0.006000531800301284
AAAGGCTCTCGCGCCG-1,0.07400836953940339,0.18125814034384988,0.0015751168319801784,0.06769721994847792,0.055863537201241924,0.001074712158924427,0.3142419922250806,0.30428091175104166
AAAGGGATGTAGCAAG-1,0.14279473318777586,0.1179882417440849,0.08166997011259076,0.16254424109342613,0.08420273711492167,0.08255848355980788,0.19632752283649393,0.13191407035089886
AAAGGGCAGCTTGAAT-1,0.057624522397212115,0.2520585170667577,0.0012911386991126558,0.09379692589547464,0.04576741201191845,0.001400275989931211,0.3632135878288965,0.18484762011069675
AAAGGTAAGCTGTACC-1,0.023577978238280138,0.14905769431358795,0.005453553035604833,0.0956558503131884,0.34883896867736636,0.00035391282045625606,0.11697529599637117,0.2600867466051449
AAAGTAGCATTGCTCA-1,0.037350994920908695,0.16037192419333085,0.0011875962858442866,0.18421196083640817,0.08732769966789379,0.00010362365677499976,0.38411547480393393,0.14533072563490526
AAAGTCACTGATGTAA-1,0.1558262338161451,0.1143386970944678,0.14484206951207407,0.07700508005760284,0.08836363510944936,0.10627590292928085,0.19340984681956558,0.1199385346614144
AAAGTCGACCCTCAGT-1,0.13650577400961328,0.3338941790761554,0.04657300337326153,0.10972769446789832,0.0848034274375721,0.01603581502331557,0.14212014640628534,0.13033996020589853
AAAGTGTGATTTATCT-1,0.0643798383856622,0.15037584762552725,0.018693292111803775,0.08754226160543184,0.11362720717823992,0.000803357304626507,0.04912139794269805,0.5154567978460105
AAAGTTGACTCCCGTA-1,0.09750049284769209,0.15767928194873965,0.34976167540451625,0.07487121693885165,0.10250590088470783,0.017706776445970063,0.051478708681069955,0.1484959468484525
AAATAACCATACGGGA-1,0.059292633405439645,0.1305656723563053,0.07759377064513881,0.28596826385513546,0.20618248213717588,0.006326070976269197,0.10624264018260135,0.12782846644193432
AAATAAGGTAGTGCCC-1,0.09095660729712715,0.14892520642515625,0.1491709807236616,0.1883859998043617,0.10111611108235778,0.03456108035552824,0.1692518651650119,0.1176321491467954
AAATACCTATAAGCAT-1,0.05272007525264298,0.22447081702447386,0.05743440719342852,0.151662374623708,0.1327220117709364,0.00038955549045140207,0.13818089018801474,0.2424198684563441
AAATAGCTTAGACTTT-1,0.16389963389878973,0.059660700422961586,0.24496799460646293,0.08929673858595999,0.11896839491647385,0.2133071591001481,0.052570993431997455,0.05732838503720635
AAATAGGGTGCTATTG-1,0.12622842675640297,0.10604832218519263,0.10888545283931686,0.07059000754791953,0.13614468935736873,0.05027731999647821,0.3261693794839565,0.0756564018333645
AAATCCGATACACGCC-1,0.11665431319273799,0.12849616116740134,0.10925963003536009,0.07997407369419829,0.17592463275941614,0.13275569565605683,0.18048145399465174,0.07645403950017764
AAATCGTGTACCACAA-1,0.15787583251792975,0.11346299963522961,0.1345389598104086,0.14217013657611546,0.0737200698666817,0.21114822117341722,0.10066969028601555,0.06641409013420212
AAATCTAGCCCTGCTA-1,0.11230941609195255,0.09522593113273525,0.17875215510995576,0.07925167036863126,0.08949560473283359,0.09466184249293816,0.2746698593287282,0.07563352074222521
AAATGATTCGATCAGC-1,0.07630248935162019,0.2279705766342575,0.02804721531421012,0.21320897402730626,0.23872960690892311,0.01312020901155625,0.09367357185702793,0.10894735689509862
AAATGCTCGTTACGTT-1,0.15751954118608466,0.0919344057080929,0.09660637576072097,0.1773296546761492,0.08508510513430223,0.16518433049873393,0.09798342271418954,0.12835716432172656
AAATGGCATGTCTTGT-1,0.11118852001251542,0.16029571949401272,0.02994510799289898,0.08956207335929536,0.09707702831579912,0.015921694203620624,0.2604249595149497,0.23558489710690808
AAATGGCCCGTGCCCT-1,0.07960841422198073,0.08038853172000246,0.0199878003446664,0.08123359718870414,0.1095445508784721,0.1586550839721934,0.1611385347091486,0.30944348696483215
AAATGGTCAATGTGCC-1,0.17540458192935182,0.10953399535403903,0.10036048842166224,0.08789476859660751,0.10187630049632244,0.21394026756298032,0.1017416811265544,0.10924791651248224
AAATGTGGGTGCTCCT-1,0.14383125869047447,0.08484442493924342,0.24418611040288193,0.09972556249418345,0.0906014581315059,0.12962004859008314,0.008643123492182063,0.19854801325944563
AAATTAACGGGTAGCT-1,0.12078361469402764,0.11037434770179406,0.07023485584198227,0.1621662416739759,0.10717929751717914,0.13326945072016083,0.12932066857384505,0.16667152327703513
AAATTACACGACTCTG-1,0.04167679482046408,0.18240205431715367,0.012678989356850585,0.362159325559517,0.10315848927506793,0.002845797209783791,0.18434962099460062,0.11072892846656232
AAATTACCTATCGATG-1,0.11588009730604468,0.19994270292178323,0.022281722726990316,0.10084289084193221,0.171432880144837,0.03941069559653898,0.12699726784017196,0.22321174262170163
AAATTCCAGGTCCAAA-1,0.1877249555918669,0.08041328374124386,0.19606973225223912,0.10277043950135563,0.10522311555770684,0.23943180561160024,0.006315552425346769,0.08205111531864062
AAATTGATAGTCCTTT-1,0.16706426442630506,0.14893895488933695,0.20479811093185799,0.12279886323884792,0.10156985974233616,0.19011722147601917,0.025015794616518885,0.03969693067877787
AAATTGCGGCGGTTCT-1,0.1611237028145368,0.09421119802674627,0.141062889076226,0.12062776345890888,0.048678388126825754,0.09493401256618966,0.13825998387507404,0.2011020620554926
AAATTGGTGAGAAGCA-1,0.0046950114973675905,0.03017034836727391,0.00043586783048758494,0.47652926849197214,0.47106750671097114,0.0011789292408219824,0.0010932695011881316,0.014829798359917542
AAATTTACCGAAATCC-1,0.10056981257024243,0.13042534498747446,0.2769046000182251,0.10081396998207748,0.16382487657233522,0.019914743993059477,0.17005451691287193,0.037492134963713945
AAATTTGCGGGTGTGG-1,0.12014484602635148,0.07757393561469357,0.13865200768510433,0.10195497146882802,0.07037532824314241,0.1575819633355259,0.19861275144267967,0.1351041961836746
AACAACTGGTAGTTGC-1,0.13608792734119007,0.07928749866028954,0.13378666385945226,0.10774173942644971,0.12640675107516086,0.189302843740916,0.15845971596920705,0.06892685992733451
AACAATACATTGTCGA-1,0.18058833444157704,0.21573161277600644,0.10609039099320736,0.07420276377157477,0.07959980018407575,0.2103836681671942,0.05044372366990671,0.08295970599645774
AACAATTACTCTACGC-1,0.15260233477335539,0.09020090736667669,0.118221028521493,0.05454680420488191,0.11231595664911265,0.11309347208943092,0.16287618132383203,0.19614331507121743
AACACACGCTCGCCGC-1,0.10653414765959253,0.23775530834911834,0.1617479991883475,0.07946286688680827,0.08131945330593701,0.13911362256741522,0.07483256865471574,0.11923403338806537
AACACGACTGTACTGA-1,0.1580597763193313,0.11638761394250333,0.19870263897771723,0.13074697823265424,0.06237275237167688,0.20350802178799385,0.11258910360563307,0.01763311476249013
AACACGAGACGCGGCC-1,0.09323345225661955,0.1437440106798405,0.009542738154012482,0.06480003753372812,0.22954982471706367,0.026065031831153523,0.23599141177801186,0.19707349304957028
AACACGCGGCCGCGAA-1,0.14822469020144857,0.0715293502613823,0.13915514115764668,0.08868882502834466,0.10505106686923239,0.20308125256090806,0.13960147910361836,0.10466819481741896
AACAGCTGTGTGGCAA-1,0.17126688199572634,0.09844242561305819,0.19014386686754003,0.10755084836255416,0.07280365650505788,0.20412599830120026,0.07968391727329208,0.07598240508157104
AACAGGAAATCGAATA-1,0.1792618854344779,0.15063052519890052,0.061873537952327265,0.11566243931996426,0.09907410795399905,0.06163613816878198,0.18651213567077324,0.1453492303007758
AACAGGATGGGCCGCG-1,0.1416132910983633,0.10031541491552327,0.1697221064167635,0.1380561159149769,0.09493928589715467,0.12891151624919486,0.13488031990720564,0.09156194960081786
AACAGGTAGTATGGAT-1,0.10264407431483645,0.11111432105450439,0.0008208117298264373,0.13968343673415431,0.01892075945911864,0.0001526796907698588,0.44709806882112535,0.1795658481956646
AACATATCAACTGGTG-1,0.05861377884684024,0.07269766976462294,0.10593245384428335,0.1639808121646701,0.20596007294358173,0.005306109369464128,0.023858405775431208,0.36365069729110633
AACATCGATACGTCTA-1,0.0032385582596722094,0.28346263493366813,0.0006009385322490926,0.16125262771924279,0.5255624585118116,0.0001849163800148989,0.025040627228894965,0.0006572384344462974
AACATTGAAGTTGATC-1,0.15595728401429473,0.22501224483295224,0.1378640673002872,0.10019029863522584,0.09849611438905886,0.16434769424778314,0.10757223149377168,0.010560065086626314
AACATTGTGACTCGAG-1,0.15888590376470613,0.145311628603768,0.14643500916586835,0.10610398926422086,0.10511097926229855,0.16728800912622888,0.16493759579924397,0.0059268850136652606
AACCAAGACTTCTCTG-1,0.1336157088465721,0.14039938362936916,0.10963559150580046,0.10367810168128457,0.07309314230001035,0.15408054796782608,0.22012815450812162,0.06536936956101567
AACCAGTATCACTCTT-1,0.14756818045701753,0.21045248868315852,0.03570919301288379,0.12802197657410652,0.16094192286943412,0.01739985161458634,0.027775212471790874,0.2721311743170223
AACCATAGGGTTGAAC-1,0.16587685602392271,0.17722544363762333,0.195868924730843,0.10924241217095049,0.06725919612629554,0.2033690091429544,0.047225986346314246,0.03393217182109632
AACCATGGGATCGCTA-1,0.16171290093746402,0.0783884354524995,0.13201230411006382,0.05293590994977036,0.1709989112882419,0.1997925611774122,0.09586244897198104,0.10829652811256715
AACCCAGAGACGGAGA-1,0.15273020688508115,0.09079932719013296,0.16527399871491497,0.11960494365982417,0.1173139727956827,0.2137655460323001,0.05884263459236728,0.08166937012969668
AACCCATCCCATGATC-1,0.12130195192861523,0.08257179796946353,0.0972695974550008,0.0993310733188203,0.06770566768072847,0.09579056326294144,0.14281115037495046,0.2932181980094798
AACCCGACAACCCGTG-1,0.08015990349911245,0.28845360491449046,0.06435587650760292,0.09506133166281222,0.16936955991536606,0.07033987181894959,0.16538005287612967,0.06687979880553666
AACCCGAGCAGAATCG-1,0.08661617363301757,0.13403280937019424,0.23991920126892277,0.136624650501652,0.20730213075403023,0.006778238979734018,0.03606500029215057,0.1526617952002986
AACCCGCTGTATTCCA-1,0.12348032233510141,0.1657851274765814,0.1796454364001104,0.10222053082305303,0.07601727771687311,0.1149039160303127,0.10281417750178302,0.13513321171618495
AACCCTACTGTCAATA-1,0.13361148745885937,0.0822646822721667,0.28555714754325695,0.09150103736069796,0.14157975918091129,0.09896556194094598,0.1116381568911225,0.054882167352039234
AACCCTGGTGGAACCA-1,0.14460227802912337,0.07467520458175839,0.20214271307313117,0.1511040472782176,0.0879358242005969,0.14897995113156523,0.07658041080496325,0.1139795709006441
AACCGAGCTTGGTCAT-1,0.14321441828574738,0.1593924099812599,0.23688914902269811,0.13354075006236002,0.03790395749577519,0.010462606138427427,0.10233899442650457,0.17625771458722742
AACCGCTAAGGGATGC-1,0.12459642443367112,0.1636577243943911,0.0001044808756063361,0.25436581737968267,0.0815640815978762,0.00010123630230702374,0.2053044310727713,0.17030580394369427
AACCGTTGTGTTTGCT-1,0.13541712150411356,0.16818302972714888,0.08566668155611298,0.1228407574863946,0.1708991859971491,0.08212914846620692,0.10484987942237621,0.13001419584049775
AACCTCGCTTTAGCCC-1,0.06549245227309494,0.16371651850445745,0.05331867478515052,0.058907735792331745,0.11041395918785944,0.0034691390870077213,0.1570738257029352,0.387607694667163
AACCTGTCACGGAATT-1,0.0831674413047248,0.028709757721920998,0.0922986911547215,0.2781213856767752,0.3526064690686679,0.11376844754246382,0.024329056746253148,0.02699875078447266
AACCTTTAAATACGGT-1,0.1253436197511182,0.08347364622620404,0.11419524509675676,0.09552462285372233,0.12390517821626178,0.19315908017169475,0.11071168034675069,0.1536869273374914
AACCTTTACGACGTCT-1,0.056926471163400265,0.21410913780966107,0.010424470322490987,0.16695822216394735,0.25812353782928543,0.02329715527576864,0.030320810760715362,0.2398401946747309
AACGATAATGCCGTAG-1,0.11385487483813067,0.10666329879508006,0.1253324002557857,0.12945715352739173,0.1101666170341835,0.07483558227375535,0.19828628033810164,0.1414037929375713
AACGATAGAAGGGCCG-1,0.1801724966920718,0.09331568366038005,0.13266879099670995,0.11775226475343362,0.10808196356428296,0.22853407052145414,0.04873202378470872,0.09074270602695875
AACGATATGTCAACTG-1,0.09862423529204255,0.1718322635356146,0.05119450550704164,0.08279983847768002,0.07328561796240504,0.009222321216868572,0.2642103054341491,0.2488309125741985
AACGCATGATCTGGGT-1,0.012215663850786321,0.03988421954543867,0.002433099421056521,0.5146094063765742,0.24478451703867482,0.00103797682156075,0.028244368014102447,0.1567907489318063
AACGCGAACGGCAACA-1,0.1888307483901474,0.07594847761637721,0.09243766505232692,0.16249428612600558,0.15088894871557423,0.1526254016920361,0.06677086815275843,0.11000360425477412
AACGCGACCTTGGGCG-1,0.1552815225850121,0.10990726538981839,0.1778969401629761,0.14711396842276647,0.07332935609833852,0.18370387473142094,0.10095776166096515,0.05180931094870231
AACGCGGTCTCCAGCC-1,0.12668501902937546,0.11237710737659194,0.09581502725807965,0.1343145836163938,0.03221654552563531,0.0016258421801254358,0.2044143356500292,0.2925515393637692
AACGCTGTTGCTGAAA-1,0.16131729307142717,0.06582100371857146,0.26909387898314935,0.10032599258224754,0.05461732956251633,0.23910282427989413,0.06475013358886171,0.04497154421333232
AACGGACGTACGTATA-1,0.05190230099040487,0.2365654427000189,0.022287848648584508,0.34733881299224206,0.08199387521174567,0.0001453402807091074,0.22811580830944841,0.03165057086684649
AACGGCCATCTCCGGT-1,0.13579072200075926,0.1019843492398715,0.1138711329240283,0.17693388078195343,0.08300927363718302,0.16962856507818141,0.16656692765654893,0.05221514868147415
AACGTACTGTGGGTAC-1,0.07406905313052024,0.06310585210030947,0.07636777458812487,0.21601419840271588,0.14267630134533354,0.051963513561831244,0.14024441738764387,0.23555888948352086
AACGTCAGACTAGTGG-1,0.12309667327302873,0.13226007870229955,0.16094926248764402,0.12220755901676211,0.13307195412109907,0.07853900438714781,0.1398940724226489,0.10998139558936981
AACGTCGCTGCACTTC-1,0.13999966188770113,0.08531292679036824,0.15350535361385464,0.17732075123158578,0.15914538687584548,0.20132719313086156,0.04917765347592962,0.0342110729938536
AACGTGATGAAGGACA-1,0.05645049895091019,0.26366095575004705,0.23367842202583441,0.11093599796261108,0.13814420874777292,0.00017245836495922748,0.1472812543327081,0.049676203865156955
AACGTGCGAAAGTCTC-1,0.16380180662418084,0.10906361570317229,0.12000069551370528,0.0886629228865409,0.1032955630939566,0.1691183444943456,0.20706934116951453,0.038987710514583974
AACTACCCGTTTGTCA-1,0.07187714613472482,0.19318227889347162,0.009451822459518516,0.14642945675557467,0.10924784057277652,0.00018147012256255424,0.32201907633442245,0.14761090872694888
AACTAGGCTTGGGTGT-1,0.15416692957071293,0.09468363369430641,0.13919773544031225,0.10317705159080333,0.149774482656793,0.2136626664351055,0.06794965865715354,0.07738784195481306
AACTCAAGTTAATTGC-1,0.14903732132507752,0.0888053732992843,0.1555242856137602,0.08942392106413559,0.05482628882894293,0.193083212765577,0.13645709529061417,0.1328425018126083
AACTCCAGAGCGTGTT-1,0.15194418785670885,0.19124831637335518,0.18794358228185523,0.14102597155945581,0.051950193162172704,0.17300159746692406,0.06636209121512136,0.03652406008440674
AACTCCTAATCCCATG-1,0.036661628651681565,0.13688494285521163,0.010035013256703028,0.19041902024954488,0.30618773715479225,0.0030309878792205416,0.04285984299078646,0.27392082696205966
AACTCGATGGCGCAGT-1,0.12864394171697122,0.08460498520529236,0.050660143164590124,0.1137324181946548,0.35387025152825774,0.04902689358411694,0.13833939495574094,0.0811219716503759
AACTCTCAATAGAGCG-1,0.0548371810838167,0.18900321269118373,0.11541622633894846,0.15074381662010183,0.13933146740608982,0.016385160327056295,0.026967852193532427,0.3073150833392707
AACTGAGGTCAGCGTC-1,0.031735444620470225,0.04691225266553458,0.022305171607404226,0.27610266534217204,0.11103759686087697,0.007378576150030205,0.040738165020822246,0.4637901277326895
AACTGATATTAGGCCT-1,0.1189227481130684,0.06453899604779867,0.04727723104655084,0.15122539058925202,0.2442156007507965,0.02545119658257973,0.21105919949336355,0.13730963737659027
AACTGGGTCCCGACGT-1,0.12771409956700205,0.11143758755924364,0.10065477195507956,0.05353767224956634,0.1572487065042034,0.07957883125570299,0.23971996209121083,0.1301083688179912
AACTGGTGTGGGCCTT-1,0.14894713429058018,0.06737699662926346,0.18579867759838464,0.16890818180145326,0.08271972038178933,0.19337623875238227,0.08013109063510332,0.07274195991104353
AACTTCTGCGTCTATC-1,0.1153597266565417,0.10985451179487014,0.03305553034448543,0.1598454588135607,0.13486276181447635,0.02501671173759408,0.2311475006018638,0.1908577982366078
AACTTGCCCGTATGCA-1,0.16463347837034034,0.08767663468003828,0.13476432324352883,0.09719703322168474,0.08159032451116842,0.20912634870934252,0.10470155030689644,0.12031030695700044
AACTTGCGTTCTCGCG-1,0.13879420218799682,0.13229746000107429,0.0038514178608213376,0.14213920662159055,0.06971121061547941,0.0838861714000914,0.18377564622139858,0.24554468509154764
AACTTTAGCTGCTGAG-1,0.1343693079685737,0.10907407906802868,0.08903493012704528,0.07003314425995705,0.21817018022596932,0.10557569892023337,0.09792634010604209,0.17581631932415054
AAGAAGGATCAGTTAG-1,0.10568613638718526,0.050779622227677054,0.05470852924862845,0.28616823646319467,0.28567715178685094,0.06073144850785983,0.11583828116764491,0.04041059421095888
AAGACATACGTGGTTT-1,0.14996768242871247,0.05251419593753639,0.14316716647317274,0.08310031590720533,0.0930788145181397,0.24982059648037788,0.023055453021072283,0.2052957752337832
AAGACCCAACTGAACA-1,0.10710259676396174,0.21205883644195833,0.09877740909002006,0.07594228809233115,0.03745987157006071,0.003303057625006425,0.3904530439018425,0.07490289651481911
AAGACTAACCCGTTGT-1,0.19929535831538323,0.08511797676726568,0.07194657966453437,0.14930636200503836,0.15441174611621095,0.1438843753603811,0.14859083958907077,0.04744676218211557
AAGACTGCAAGCTACT-1,0.15518054561195027,0.09341759153106848,0.1671050247226978,0.09244720403859055,0.11521227582371023,0.1920987661433377,0.08461336774940963,0.09992522437923534
AAGAGATGAATCGGTA-1,0.07901692972344207,0.2641209791160862,0.0658378406371763,0.04895025813777139,0.07566665141303697,0.0002179937715392822,0.19024518848917144,0.27594415871177636
AAGAGCTCTTTATCGG-1,0.12479597756464744,0.1218286409238371,0.04362069755945964,0.14412632041522155,0.11688208214769392,0.0366694058547984,0.24706373433360354,0.1650131412007384
AAGAGGATGTACGCGA-1,0.13922732162344106,0.13104405170744926,0.09270504362842154,0.1044265840994182,0.04362837382835003,0.1492728376932523,0.29331333557588285,0.04638245184378477
AAGAGGCATGGATCGC-1,0.08495526414919757,0.0815863529898268,0.018071595673218786,0.05323670377296897,0.08070075411129624,0.00011655525954290447,0.36991391892107095,0.31141885512287776
AAGAGGCCCTTTGGAA-1,0.050317371977341714,0.14744751273791448,0.3203498832248845,0.07377767954234128,0.34482628219554456,4.254025519553565e-05,0.028194705652803947,0.03504402441397396
AAGATGGCACCGGACC-1,0.1714893615248393,0.1023407151529179,0.10467710699264342,0.10237652910764349,0.07287417097905674,0.15055511950307474,0.14155886238983845,0.154128134349986
AAGATTGGCGGAACGT-1,0.06314212776833128,0.15807892252872366,0.03942440018763425,0.23112413156839162,0.010318134573756806,0.002437755783633166,0.25266277038928137,0.24281175720024786
AAGCACCCTGCGTATC-1,0.10202575513161752,0.10560894360845072,0.06957507563125037,0.16294313499254165,0.23710724393148797,0.10811864367804087,0.14468560634396685,0.06993559668264407
AAGCATACTCTCCTGA-1,0.1355472386994999,0.2418182748118028,0.003356289638890838,0.13228272308926237,0.03409455356017839,0.0008747896716495485,0.310713131265879,0.14131299926283716
AAGCCGAAGCGGTTTA-1,0.13790757951146596,0.07366115959764026,0.16366332788369642,0.12095845117141539,0.10570664379644017,0.11403567940238851,0.1815771849935243,0.10248997364342897
AAGCCGCCGTGAAATC-1,0.16792133797609524,0.10890103505144154,0.11144881491738177,0.17419385333343684,0.09620275687735586,0.20554800142387072,0.1336666088756708,0.0021175915447472046
AAGCGCAGGGCTTTGA-1,0.14199857111225198,0.050913024249674026,0.17246140726072584,0.08498486122055901,0.18370150699162877,0.2508564548477505,0.05435557856639345,0.060728595751016426
AAGCGGCGTCATGGGT-1,0.006978200630879755,0.12900421650904778,0.002552797474710036,0.19738457836720016,0.048251933181383,0.001273294223916305,0.009807602977116917,0.6047473766357461
AAGCGTCCCTCATCGA-1,0.17076207967359244,0.18019161000433176,0.17087992480281877,0.08597798452307752,0.12689018103230307,0.19652086827958007,0.060697804313238755,0.008079547371057656
AAGCTAGATCGAGTAA-1,0.12288492970397746,0.1232857369906014,0.1325911614399715,0.24831846559349807,0.0984913656304909,0.007847220427976498,0.12154722480761937,0.1450338954058648
AAGCTCGTGCCAAGTC-1,0.16461316446239121,0.07617709157602419,0.144779915795467,0.13124488193879194,0.1283450725457955,0.24688142102018673,0.10630602397460243,0.0016524286867410094
AAGCTCTTTCATGGTG-1,0.130479831200851,0.08632325668266662,0.17389683855860794,0.0939462803461424,0.15502427151782683,0.07480713153227292,0.2015804709569753,0.083941919204657
AAGGAGAACTTATAAG-1,0.1378983820150304,0.12100804064529133,0.1654283304218234,0.1089479331164615,0.18651479251986516,0.0454614452976092,0.15570359153425553,0.07903748444966345
AAGGAGCGGTTGGTGC-1,0.16002050429811912,0.06727358567834771,0.1342562781931216,0.10026419573494265,0.15323992995934077,0.22215452970419974,0.06742975708853836,0.09536121934339005
AAGGATCGATCGCTTG-1,0.1724083087217301,0.09384978676973084,0.2560332503160568,0.08663570449329006,0.14385840964484453,0.10202871176881759,0.05413872854031518,0.09104709974521497
AAGGATGAGGGACCTC-1,0.11181504328108922,0.11583089720052021,0.011461633013278284,0.07647412034685662,0.05930601511405143,0.002606808852015938,0.35096198173144355,0.2715435004607447
AAGGCAGGCTGTCTCC-1,0.02135894813281841,0.20831286687402717,0.0016533865652676991,0.1822379499550689,0.48177525842781743,2.1624400535631007e-05,0.026765766174289742,0.07787419947017499
AAGGCGCGTAAAGCTT-1,0.1301405518092202,0.1363515537190836,0.12134365213803945,0.17158680034236443,0.12242928188714342,0.12698096538414255,0.15293721180353137,0.03822998291647496
AAGGCTGTGCTCATCG-1,0.1195129757940694,0.1532900083220234,0.06725406635198157,0.14138131664136197,0.04017719175921919,0.0999690660918691,0.28990573177406465,0.08850964326541073
AAGGGAACGACTGGCT-1,0.1513055934834232,0.15294306767044455,0.1578462851713338,0.09110914454153184,0.10253797560616983,0.13358081258215612,0.15706052306029547,0.0536165978846452
AAGGGACAGATTCTGT-1,0.0745166610567853,0.14884709240340843,0.05957337925807961,0.22967366754732924,0.0588483571657486,0.007160261003593298,0.3251205371540078,0.09626004441104775
AAGGGACTATGCATTC-1,0.17665272614306254,0.1336221976262416,0.15546465609542265,0.09793557964979513,0.10609781771361777,0.22930409035074573,0.06543576856998912,0.03548716385112549
AAGGTATCCTAATATA-1,0.06932282852965602,0.21387093544994534,0.004371914804307478,0.10226949940116933,0.041984281179728584,0.008413414687757187,0.24794204295813324,0.3118250829893028
AAGGTGATAAACCAGC-1,0.07091466870142513,0.29314122551331984,0.02502147463018811,0.2287034067194294,0.05894472013623715,0.0002476530690825715,0.1761563448878044,0.14687050634251336
AAGTAGAAGACCGGGT-1,0.14973205878835072,0.08762991556815189,0.1465058353440366,0.08472931957859961,0.09759348685037493,0.10949246240001832,0.20984532843570083,0.11447159303476709
AAGTAGTGACGCGAGG-1,0.1527515401934747,0.07728928951145217,0.2040503008029025,0.058179444897944334,0.10626050752767748,0.22304996550060674,0.1344387562703386,0.043980195295603444
AAGTCAATTGTCGTCA-1,0.16354108958170196,0.05288586449087975,0.24865353220075867,0.04965488905572393,0.15378983486478043,0.1940464792107983,0.039483584237408484,0.0979447263579485
AAGTGACGACCGAATT-1,0.13433864644502969,0.06330555247809107,0.16459575432194687,0.09946781185355646,0.12216701291159278,0.1806788975162488,0.13591450940428895,0.09953181506924537
AAGTGAGTCGGGTTTA-1,0.11695272696888317,0.15341396700204254,0.07049094545944234,0.1398019987617192,0.13456113861029978,0.11994921964494273,0.21550292335763133,0.04932708019503891
AAGTGCCTTGACTGTA-1,0.15496265226516126,0.0832208656376534,0.27079021525956704,0.07453797642689332,0.09223985479922078,0.21973233345439527,0.012284679973141402,0.09223142218396756
AAGTGCGTTAGAATCT-1,0.019538370417755815,0.07625803344080154,0.004811053962164417,0.6169375039660207,0.16530103815857286,0.0003070123688952892,0.01999135003945202,0.09685563764633745
AAGTGCTTCTCTATTG-1,0.15823443734907763,0.17163624358841278,0.18630461967547068,0.16286166264704713,0.11610232526952623,0.15877632065369346,0.013622459792748119,0.03246193102402393
AAGTGTTTGGAGACGG-1,0.11844453171885842,0.1436479407214909,0.07917393017716842,0.08435465428407256,0.04165853354492106,0.05407346472065816,0.2595291990795763,0.21911774575325418
AAGTTCACTCCAAGCT-1,0.12325059907821406,0.1536643937360876,0.15918625198041617,0.0920280014019984,0.05177031693555955,0.19587074770277424,0.051922951050340185,0.17230673811460978
AAGTTCAGTCTGCGTA-1,0.06477542080185704,0.22737526665752034,0.023712798624504795,0.29232500540401973,0.10363452975227072,0.0018004203280254738,0.12319568134502176,0.1631808770867801
AAGTTCGGCCAACAGG-1,0.17157478754739333,0.1157871807387033,0.18894760175613814,0.11603000713786217,0.048459066418960826,0.23031517218388078,0.08746256980895398,0.041423614408107476
AAGTTGTGATGTTATA-1,0.1699744532218531,0.0696022619378232,0.21223276993506002,0.08630546134525754,0.11037378496866754,0.22015837615608924,0.024835538425426032,0.10651735400982335
AAGTTTACTAATGGCA-1,0.1237614179520566,0.1323566382582026,0.12138547001323308,0.06262056558913337,0.14023023826163575,0.05649301236259178,0.07488516789990238,0.2882674896632445
AAGTTTATGGGCCCAA-1,0.1392103665812739,0.13991063602118708,0.17057647594032116,0.09771548143779425,0.04241734274520014,0.17712885372427947,0.2319789905077548,0.001061853042189174
AATAACAACGCTCGGC-1,0.15434200340452325,0.07463243319304923,0.16773297067907258,0.09148602415258365,0.0954301707229333,0.2374570092090509,0.09433500391023401,0.08458438472855304
AATAACGTCGCGCCCA-1,0.14618925817788325,0.08457843455569307,0.18905696528317067,0.10046262616197887,0.13748939478142197,0.21882250169334566,0.04620337725652206,0.07719744208998443
AATAAGTCCTCGAGAC-1,0.1684389348386368,0.09533876129639421,0.15277427830101104,0.0788088011117674,0.13767201587901867,0.24262456563680754,0.04821560967749244,0.07612703325887187
AATACAATGTTTCAGG-1,0.09438657245781373,0.1979938484553128,0.009535007407963566,0.15846994470941958,0.1157518604295484,0.006413306097304869,0.29972457369911043,0.11772488674352664
AATACCGGAGGGCTGT-1,0.15383845546466984,0.1477425399949338,0.12858136760200778,0.1770073986501222,0.12688785583657963,0.14188069497062855,0.027756996828474982,0.09630469065258324
AATACCTGATGTGAAC-1,0.117499306182918,0.2481526099854427,0.17701669406093046,0.09300368883265592,0.06912496698665752,0.12802948095271985,0.1347309519873651,0.03244230101131046
AATAGAATCTGTTTCA-1,0.11017852051490087,0.23707618253251914,0.008217020843119706,0.0969574122934001,0.007759177634182498,0.004380906869500494,0.2606612146108694,0.2747695647015078
AATAGCAAGCCTCCTG-1,0.06676324158984488,0.119168641933153,0.009683749124482818,0.28018476887279015,0.2944865124319386,0.002071363334784405,0.034499995845767586,0.1931417268672386
AATAGCTACCGCGTGC-1,0.01812640555922383,0.28877587970550156,0.0014587803063053823,0.0228564702876438,0.0915830702989162,0.0026862529072795103,0.22983575587873123,0.34467738505639844
AATAGTCCGTCCCGAC-1,0.1338819632523698,0.10534584438010731,0.11255825881223044,0.14262883487421887,0.10641538370404216,0.10291546521978658,0.19751693236555823,0.09873731739168656
AATATCAAGGTCGGAT-1,0.16672042122493844,0.08362633401599813,0.14758956790239014,0.16191196320845228,0.0675983156527277,0.24593006724549724,0.03336251630025857,0.09326081444973754
AATATCGAATCAATGC-1,0.12036987748906591,0.12401468350688864,0.11649846172365833,0.1259238177134676,0.11419437939924798,0.11162870983083927,0.14779093533346213,0.13957913500337013
AATATCGAGGGTTCTC-1,0.09178376423741659,0.13646083904909176,0.02782638957275187,0.1802222564141528,0.2021221690272371,0.00517989254851213,0.09728517166463711,0.25911951748620066
AATATTGGAGTATTGA-1,0.1389585781458359,0.08905088782247149,0.09654226644286147,0.13818497184763737,0.07470230190330723,0.21683481644024608,0.17558360425414654,0.07014257314349392
AATCAGACTGCAGGAC-1,0.14435678280829736,0.06773427482052527,0.08298463181464846,0.1428127432036758,0.12519154701493682,0.10163407999458449,0.105847706958824,0.22943823338450783
AATCAGGTTTCATTTA-1,0.15310284765731458,0.15597768917593152,0.14923649995925087,0.14146788268565025,0.18029827671808457,0.14801019474254434,0.028111365862925817,0.04379524319829808
AATCATGTAAAGACTC-1,0.14252844414051008,0.08725668688697387,0.17794281022040898,0.18330022708024363,0.14395225793673733,0.17479305730871966,0.05443635530313125,0.035790161123275245
AATCCAAGGGCCTGAG-1,0.14657835217335397,0.12014779770662791,0.07904971454833483,0.14132525189878722,0.11340470549232269,0.18016139980013823,0.14672657914483703,0.07260619923559815
AATCCATGCAAGGGTG-1,0.1484601229192426,0.07098981445779079,0.1484901682495459,0.1374020619067741,0.1486708776213925,0.16148048381892208,0.01692937585061408,0.16757709517571795
AATCGCCTCAGCGCCA-1,0.04808706242460195,0.10842621439735943,0.0005603285480332385,0.18610214327589392,0.36728454117693754,0.00033198273229921474,0.11394308766753865,0.17526463977733603
AATCGCGCAGAGGACT-1,0.1505828142684077,0.12913099684400806,0.21535581094214556,0.08539882936830219,0.07638013598153857,0.2304400451864108,0.01706039059234915,0.09565097681683797
AATCGGGACACTACGA-1,0.12308306211811335,0.10905026784500171,0.13903316560895107,0.2300673610952779,0.16910347380236526,0.04410971464018324,0.04387121935978989,0.1416817355303176
AATCGGTATAGCCCTC-1,0.16350404273467925,0.04720035876658159,0.19244037003992018,0.07916898130754421,0.15764801784107926,0.19253259576259676,0.10789866746464392,0.05960696608295482
AATCGTGAGCCGAGCA-1,0.130601213249332,0.14836795462966454,0.10241678459013526,0.14150195518640213,0.12927641186230032,0.1807284904851932,0.07016927657890062,0.09693791341807195
AATCTAGGTTTACTTG-1,0.14341312964434647,0.020781607796685454,0.0005172225399225908,0.06974559731880138,0.011222036356150215,0.0004387574093207227,0.0899937030836717,0.6638879458511014
AATCTATGCCGGAGCC-1,0.03646163223825779,0.1180554729005785,0.0011538163922869425,0.3997083794067923,0.21915308984389412,0.0006284717797242792,0.08372767677042144,0.14111146066804459
AATCTGCGTTGGGACG-1,0.10811380954752431,0.1556694387961789,0.03303712435696935,0.0748070161969399,0.17051863353118685,0.02948997066147889,0.02787261530392914,0.40049139160579267
AATCTGGCTTTCTAGT-1,0.04138687291832464,0.03559486643480449,0.00020317134097156122,0.030134308496990773,0.012928142280290919,0.00024418802103756134,0.0021622596030072103,0.8773461909045729
AATCTGGGTAGACCCT-1,0.1512004059590889,0.11519459871303646,0.3586044509211663,0.1745171666825572,0.014292093471061869,0.03352931918446963,0.022544859350244844,0.13011710571837481
AATGACAGCAATGTCT-1,0.11219704966723638,0.12713600759886157,0.18075965277948997,0.2637881026562745,0.12259926496696759,0.03442705787920555,0.059266653669571706,0.09982621078239275
AATGACTGTCAGCCGG-1,0.13181882767819725,0.09310025060199109,0.0780766469237992,0.13271838084328144,0.17417162694817667,0.14547807352863523,0.09351476372599672,0.1511214297499224
AATGAGTTCGCATATG-1,0.1127651291483438,0.1136638507152727,0.15167307794694512,0.10044378028072536,0.13143856065661802,0.06425629301802332,0.17812001345423117,0.1476392947798405
AATGATGATACGCTAT-1,0.04425807607340959,0.12202064490014816,0.07721680626692157,0.17907450913740677,0.23256972242782228,0.0006890428062986781,0.1196456807965422,0.22452551759145076
AATGATGCGACTCCTG-1,0.0826853095505297,0.18653944370146236,0.01002807854360933,0.1674740898937325,0.18468031914626307,0.005090791905099989,0.03905931901165732,0.32444264824764574
AATGCAACCGGGTACC-1,0.14302033144789905,0.09048801129473663,0.17350575912819402,0.14255851657243085,0.15911035692216838,0.10173290316366926,0.021975980222660608,0.1676081412482412
AATGCACCAAGCAATG-1,0.00521094006384853,0.15301970028645148,0.0010069138964254704,0.3387744250132081,0.44531774058251555,0.00032672096712718207,0.02401156680945494,0.03233199238096879
AATGGTCCACCGTTCA-1,0.10228982986866274,0.12501647638361094,0.10827760539201564,0.3264987222611444,0.19887529230482326,0.00775544793347804,0.05137318302420851,0.07991344283205644
AATGGTTCTCACAAGC-1,0.11118912870047866,0.12114331608987815,0.10778099259701275,0.11492100682420962,0.18298866216974513,0.06182118510383931,0.20470578539108347,0.09544992312375289
AATGTATGGCACTGTA-1,0.15705302177622119,0.20298265030056076,0.17790357510889157,0.078500460164091,0.04768637205200031,0.16433478923897413,0.11060665339305517,0.06093247796620587
AATGTGCCCGAGGTGT-1,0.13495570035701668,0.1368871640288576,0.11226623461673269,0.1474426296692892,0.09459761369354545,0.15409758040942265,0.1302365008427108,0.08951657638242491
AATGTGCTAATCTGAG-1,0.14859395169643513,0.22412836131708674,0.1970299744382013,0.09462054595482403,0.09966211631194229,0.14618259620975443,0.08753438415384686,0.002248069917909169
AATGTTGTCGTGAGAC-1,0.18638261568563563,0.08310305585333137,0.2100519855386688,0.10358165389328217,0.11770011669381111,0.2538680893966264,0.013301027898251917,0.0320114550403926
AATTAAAGGTCGGCGT-1,0.17013059535182595,0.07824490769264615,0.14669155435243067,0.10918210861611613,0.08842942812779192,0.18537095207236692,0.12418732977666527,0.09776312401015694
AATTAACGGATTTCCA-1,0.13769320199498977,0.15894687698823373,0.08063279707618252,0.08903573200818447,0.059656035127601724,0.12899785641679817,0.2423747032747916,0.10266279711321796
AATTCATAAGGGATCT-1,0.04521475431406177,0.09704565121963869,0.014060729468225014,0.14652666341886195,0.08446445521875011,0.007021737588513791,0.1813891869358309,0.4242768218361178
AATTCATTGTCATGCA-1,0.11468924408621674,0.36811532209095515,0.09670742534545733,0.08036514125316581,0.060880923734930294,0.0715680298231928,0.14608276314361635,0.06159115052246553
AATTCCAAGCATGTAC-1,0.08622507371081753,0.13381089333131588,0.03911335797125457,0.12451738607343141,0.12323634379401012,0.004575292166103796,0.3832104803238343,0.1053111726292324
AATTCGATTCGAGGAT-1,0.1446205906913484,0.08345933679211173,0.15711773001548718,0.1367977138858781,0.12678800171748644,0.24826702459761057,0.03817542877550571,0.06477417352457188
AATTGCAGCAATCGAC-1,0.15806257454616562,0.08145347853982386,0.18823241045495664,0.08309201458185968,0.12288808766387128,0.2343447685946814,0.0751488751989397,0.05677779041970182
AATTGCGTGGATTACA-1,0.15623468345690464,0.1772811031912624,0.14527875939085058,0.09487065674931121,0.0813942190545251,0.2245101402294557,0.08726166135753054,0.033168776570159826
AATTTGGGACATAGTA-1,0.10327662364564008,0.19186570952449042,0.028746036471133142,0.15337890153863035,0.35255151602926843,0.003811595300695524,0.14491034866153993,0.02145926882860214
